expression	H3K14ac	H3K18ac	H3K23ac	H3K27ac	H3K27me1	H3K27me2	H3K27me3	H3K36ac	H3K36me1	H3K36me3	H3K4ac	H3K4me1	H3K4me2	H3K4me3	H3K79me1	H3K79me2	H3K79me3	H3K9ac	H3K9me1	H3K9me2	H3K9me3	H3R2me1	H3R2me2	H4K12ac	H4K16ac	H4K20me1	H4K20me3	H4K5ac	H4K8ac	H4K91ac	H4R3me2
4.97583333717741	300	120	300	20	115	275	2220	0	300	1062	0	466	409	1709.915	60	0	534	290	450	309	265	542.5	320	120	360	285	227	120	120	60	470
7.22649260624712	360	7609.335	1044	8480.5	1485.415	286	170	4242	629	458	3680.5	2399.25	3021.25	17686.575	1175.665	1388.33	1718.25	5886.5	2715.335	224	25	350	260	1400.5	2132.5	1453.5	229	4036.165	4186.335	6997.67	250
8.5695000220024	120	4120	534	3531.165	550	228	270	2946.5	598.5	862	2903	3175.915	1803.165	10079.335	956	1691	1890.5	3132	1303	200	163	623	300	1030	1842	4858.75	85	1684	1608	4866	110
8.79826446058017	406.5	7236.165	646	10543.83	1286.665	177	230	5342.5	578	850	5369.335	2270.415	1743.25	22528.58	1171	1623.75	2511	8757.665	1891.585	403	140	449	525	1456	3379.335	660	290	6193.665	5948.665	8675.835	437
5.04097017051884	704	340	120	120	139	400	2444.5	360	516.335	250	230	533	265	1531.665	120	60	1378	350	343	145	80	395	550	60	896	380	530	180	60	300	335
4.06559694754561	240	280	180	60	30	95	1786.5	180	270	300	180	1039	532	4445.085	90	30	1112.5	120	1037	120	80	375	175	240	300	1001	235	120	240	120	235
8.48654427521632	240	2472	340	2940.335	804.75	110	180	1508	451	752	1206	2352.665	1599.58	12533.245	789	807.75	1368.5	1642	1538.75	381	85	377.165	180	828	1320	940	120	1335.665	1546	1669	328
9.01663547005439	476	5760.335	540	7205.83	786	108	160	3409	333	752	4250.835	2107	1843.5	16496.915	642	2589.25	2932.75	5960.5	2200.5	270	175	612	431	1572	2010	3463	80	2686.335	2144	7175.17	223
8.26410576372896	240	8947.835	876	10342.835	1192	175	220	6006	677.75	560	5642.5	2237.665	2252.92	18386.745	923	434	703	6247.165	2236.33	290	30	580	315	1456	1650	793	187	4768	4005.335	5947.5	200
6.43240457960269	600	3794	590	2938	673	90	500	2670.335	329	762	2705.5	1150	1646.165	7021.755	210	150	500	3493.335	1692	30	55	664.5	265	2039	1204	283	240	1884	2940	3486.665	248
2.03937707266467	120	1004	300	180	145	186	956	370	251	862	710	1774.835	1736.75	7400.575	120	0	858	460	2376.415	170	240	448	260	464	540	935.83	90	478	300	480	325
6.18721840196882	300	2167	526	2291	656	105	170	1260	368	680	2019.5	2578	1991.165	16014.165	1006	1107	1840.335	2018	2285.75	240	25	541	205	1056	1714	1242.665	140	2449.835	1977	1720	226
7.47314294894078	446	4240.335	1156.5	5660.67	1966.75	305	484	1822	698.665	790	2288	6414.245	3720.75	27819.67	2037.415	1968.25	3578.085	2831.335	4200.75	115	105	706	355	1066.5	1566	3819.915	30	2382	2105	1991.5	165
4.66256890428594	408	690	420	220	115	430	1346	966	327	816	578	883.5	2545	7166.25	150	30	713	674	1742.585	150	85	404	210	480	642	205	85	754	1212	520	205
4.79979038679553	180	0	60	0	55	220	1454	60	570	650	0	290	90	505	30	0	1297.33	300	265	385	105	440	145	120	756	345	110	120	60	0	319
6.64166638669229	240	1946	480	1606	617	110	100	1764	734.5	620	1354	1840.415	1691.665	11667.825	549	627	664.5	2508	1483.5	234	85	689	150	716	1226	371	225	1705.335	2765	804	200
7.68434246677592	327	2130.5	663	1919.415	1298.75	556	330	796	543.165	906	1391.75	3919.415	2712.415	12089.91	1092	240	946.665	1238.165	2731.58	200	80	646.5	235	473	1063	1490.5	85	889	1254.835	1547	312
6.04974406838318	650	3170.835	360	1956	889	227	290	1958	655	1086	2042	4770.665	2458	6506.505	975	300	556	1480	2255.5	320	75	595	370	1107.335	1662	1093.5	55	1329.335	1348	2143.335	235
7.23352761818105	462	1880	580	2347	942.5	248	150	1174	837.665	646	978	2591.33	1547.745	12598.415	1168	1389	1887.5	1895	1741.75	343	80	547	320	1398	1568	6003.5	284	1634	2340	2164.335	390
7.0850559187081	180	774	120	580	1260	221	390	420	546	1614.335	916	1125	758	493	2429.665	1110.665	2355	110	864	180	105	567	420	868.5	1902	7370.335	150	938	360	1324	480
7.17773661361956	120	2224.75	329	2495.415	1138.5	130	180	1086.83	560	1924	1574.75	5973.915	1177	13706.83	1658	948.75	1697.5	1934.25	2558.25	90	55	859	367	798.665	1374.25	7611.42	120	1174	1458.5	1820.08	284
5.94798668514196	420	1517	240	1772	660	159	164	987.5	435	520	956	1790.665	1035.83	6002.835	647.5	120	651	2040	1119.835	210	30	670	268	470	1157.335	366	338	1403.335	1220	942	385
8.19531573101968	354	4640.5	650	7255.5	585	140	220	1642	830	1354	2782	3456.5	1751.25	19995.82	1785	1251.665	2062.5	3805.165	2286.5	120	105	541	340	660	2131.335	2423.5	138	2334	2748.5	2501.665	198
5.87552044457716	480	6437.5	990	7214.665	1078.75	225	170	5253	411	510	4677.33	2441.75	1649.33	11194.67	760	235	1034	5190.835	2011	554	30	694	515	1753.335	3509.335	843.5	170	4149	3511.5	7144.5	315
6.84431748515526	900	1771.335	636.5	1911	1239	150	440	993	340	922	1362.335	3344.665	2462	9894.83	550	150	516	1572	3228.415	432	90	504	265	1250	898	831.665	305	1236	2034	1236	150
7.19518356923394	240	1666	338.5	1078.335	902.665	183	630	656	421	438	882	1976.665	1404.335	6350.915	920	175	461	1598	1604.165	115	85	715	172	878	1938	1130.75	110	988	1342	786	140
8.04807237237887	420	1744	650	3228.835	1564	105	160	1102	931	1188	1880	6711.5	3163.75	11867.25	2141.25	540	854	2526.665	3880.665	145	60	745.165	539	780	1955.335	4708.75	150	1538	1264	1979	225
5.57714914038927	476	230	232	180	85	140	1966	180	260	1172	0	789.665	427.5	2573.165	90	30	1602.83	0	844.665	185	50	174	135	120	894	718	205	0	180	230	310
8.50121420468049	592	5954.505	1466.5	4615	1231	245	180	4231	592	734	4222.835	3283.67	3317.25	13700.91	1328.5	888	1142	3775	2589.75	344	50	521	210	1338	3094.335	885.5	145	4072.335	3988.165	5326	376
6.13201205041456	296	2227.17	522	1476.835	814.335	85	230	942	544	460	910	2720.5	1517.25	9807.995	1078	1001	1476	1464	1499	235	25	508.5	297	720	952	1816.25	120	698	976	1667	145
5.285741875475	300	3076	600	1480	1157.5	315	210	2088	582	836	1122	2686.835	2271.75	11010.415	150	30	821	1560	2710.58	235	25	423	360	360	824	1000	260	1191.665	1232	1702.335	265
6.88489905419905	240	2428.665	412	1563.335	769	302	810	948	351	720	936	1438	1959.25	14411.33	387	150	868	1472	1852.915	210	50	569	145	888	810	927	205	810.5	1140	962	256
8.65125719217986	576	3501.5	828	3497	838	210	230	4210.335	457	1643.335	2850	2781	1597.665	9719.335	1124	390	1019.25	2913	1296	625.5	340	669	827	1544	1927	2441.17	637	3892.665	2354.335	3348.5	283
4.34909723961114	240	220	480	234	60	495.5	2897	60	534	1036.5	60	969.25	680	3687	60	90	2197.245	324	951.585	685	555	833	345	360	524	638.25	145	180	180	170	475
7.6499187886105	240	878	180	1105	806.75	164	260	1107.335	311	894	926	2412.915	875.5	10272.83	1144	193	612.665	1452	2074	320	0	551	298	590	712	1758.915	195	942	1209	1376	380
6.82362012533	360	13732.165	712	14782.505	1327.665	110	110	8336.335	1024.75	806	8402.5	10698.92	3421.165	30194.415	1537.665	2178	3175.75	12703.005	3599	314	80	728	270	1726	4719.17	3102.25	260	7320.17	4984.335	10604.5	340
4.07350049281329	420	60	120	120	30	250	2054	120	145	650	60	230	175	1192.085	0	60	1261	554	270	319	105	335	100	120	600	150	240	120	236	0	314
6.66968081427951	300	3363.5	360	3231.5	691	85	230	1470	372	400	1618.335	1654.915	1275	9012	240	0	376	1944	2291.585	200	0	474	308.25	1046	1896	1725.585	180	2255.5	3013.5	3777	140
7.32472726167607	210	3127.915	437	3454.165	980.665	170	160	1693.25	454	728	1312.5	2119.5	2375.75	19763.24	644	1737.75	2226.585	2552.25	2035.75	465	30	420	210	670.665	1353.5	1706.915	402	2115.5	1777.25	1700	110
5.0569337851964	360	844	240	60	175	110	1252	300	370	556	170	1826	265	1498	210	135	2043.5	120	913	60	110	635	373	240	534	4574.33	145	120	360	270	465
6.3697134652479	180	2358.165	480	2954.5	756	0	170	938	514	280	1183.335	2183.25	1920.75	15981.835	775	682.25	1626.5	1982	2622.835	180	145	491.5	193	832	1162	1661.42	146	948	2214	1316	210
11.9850487212186	190	924	480	2072	419	60	220	470	1088	1092	850	5061.83	1505.25	8429.34	1602.5	1714.75	1975	2116.5	1780.08	182	30	434.165	508.5	878	2242	14863.49	295	995.335	940	2591.835	413
5.68647353553356	594	3552.5	1348	6988	717	187	110	3046	712	528	1603.5	2841.5	3046.915	18415.665	766	210	657	2785	1814.665	262	60	406	175	1868.5	1918	816.335	180	2766	2658.67	2472.335	226
3.53166262010323	360	1098.335	240	450	115	250	2976.5	414	474	570	340	1568.915	608	3345.665	172	0	1808	290	1008	235	288	639	404.5	300	1216	1429.25	516	240	120	300	383
2.9413671606962	350	2828.335	566	2772.335	668	284	260	2273.5	547	342	2222	1937	1829.335	6645.5	865.665	478	1116	2711	1890.75	210	50	581	205	700	2519	749.25	175	2040.5	2537.165	3334	459
6.82061498459211	120	3555.5	706	2839.5	770	140	100	1150	318	460	1344	1791.17	1742.75	10366.92	925	330	804	2005	1852.25	270	100	371	262	634	1500	558.165	150	1824	1580.5	2291.67	254
6.09866062708639	588	4401.5	580	5277.835	546	50	280	3692.165	398	580	2313.335	1236	2239.165	12145.335	210	644	893	3420	1916.5	258	25	621	210	1080.5	1418	168	283	3625	2262	3632.5	180
8.74989254032006	469.335	7340.835	900	6787.835	1228.5	140	300	3692.5	524	470	4583.5	5752	3187.75	16559.16	893	769.665	1450.5	3244	2616.5	25	115	503	551	1046.665	1534	2108.58	147	3576.335	2302	5340.835	282
5.37816313175276	418	1696	180	1553	628	200	270	2487.165	544	420	961	558	750	7084.41	210	130	1177.67	906	968	270	130	498	346	480	590	217	420	644	816	1092	355
8.48704424507391	702	4114.5	740	6353	314	185	60	2382	275	2111	3664	2073.5	3039.995	29874.99	1036	4325.92	7239.17	4032.665	2409.915	180	140	260	382	1132	1344.5	4085.835	82	1849.835	1288	6010	195
8.72560069859755	300	3906.5	576	4419	862	80	120	2624.5	320	1152	3387.5	2192.75	1464.415	6936.415	818	823	1016	1926.335	2222	395	80	440	115	686	1916	2618.665	230	2450.5	1952	4410.5	60
8.1973831659462	600	2110.5	360	828	928.5	470	390	992	626	526	1394	4019.84	1962.665	4852.91	1000.5	1044	962	1174	2722.665	314	25	553	295	702	1290	2957.835	120	1134	1348	1761	386
8.2703958315179	712	6831.5	1654	11712.5	650	228	230	5714.67	771	910	4999.165	2469	3885.5	30011.685	1236.5	2961.25	4085.25	9841.83	3026.5	180	80	822	481.25	2448.5	3392.665	3806.915	150	4048.5	4193.665	5871	284
4.58249708281515	180	290	240	0	55	280	1732.17	300	200	1054	110	671	640	3895.825	60	0	1652.665	300	704.165	230	410	304	90	290	480	256	234	60	180	0	347
7.10413217837259	300	3863	588	6631.665	970	219	220	2852.5	632	930	4444	3570.33	2045.5	18222.825	1859.75	1171	799	4856	2321.665	255	0	791	312	1322	2434.335	3089.165	30	4026	2375	4079.5	281
7.8573956769378	210	1624.665	173	2001	869.75	105	410	1191	520	760	961	2145.335	1404.5	19875.5	1054	298	760	1332	2276.415	198	75	495	420	500	915	1163	150	773	1281.335	1758.5	145
8.51684713154443	60	1760	240	444	617	25	60	824	645	360	972	4090.245	521	2866.415	1014.335	357	911	510	1555.665	115	60	444	150	60	842	6575.91	115	180	172	1726.835	167
4.85682344574802	360	290	230	220	295	220	760	300	222	590	60	2181	642	2168.335	60	120	1265.165	338	1396.665	155	105	459.165	120	180	900	847	175	180	300	300	345
6.04738754535848	826	4995	972	4629.67	1436.25	240	350	2675	660	736	2066	3339.25	3025.665	35531.755	2096.75	1556	1830	3931.5	2903	261	55	869	382	1246	1518	2158	193	1580	2218	3091	225
7.44004391554695	300	2747	536	5101.5	672	115	170	1330	368	880	2107	5468.085	3841.335	14936.235	1872.835	1043	2044.75	2122	3933.915	0	0	735	430.5	532	1564	8234.745	236	1352	900	2986.335	260
8.58473688001139	415	5586.005	543	6816.165	1525.25	265	870	18305.25	486	828	4434.5	3181.25	2610.08	16303.42	978	935	1223	3297.5	2389	412	55	577	175	1301.335	2764.58	2169.83	265	5092.08	2690.5	6047.33	394
7.87991203436396	888	5808.165	1048	9548.835	1141	168.33	330	6444.335	532	680	5819.5	2941	2008.585	16704.58	1448	543	882	5684	2344.33	524.75	55	711	485	2351.5	3732.335	985	145	4898.665	4033.83	7139.335	396
6.82279252939441	402	1330	516	1710	1290.165	398	268	980	570	900	1206.335	3510.915	990.165	8459.59	1169.25	205	689	1470.5	1778.085	426.25	30	674	507	900	1400	3277.5	90	1408	1991	1470	434
7.59812610904531	1227.335	7300.335	812	9063.165	863.75	170	200	5313.5	482	440	6566	2298.835	3464.415	19911.08	971	2512.83	2678.5	7900.165	2189.75	180	55	628	298	2182	2955	1838.165	150	4168.165	4280	9874.17	294.165
5.89275271323311	60	418	150	485	180	155	110	262	320	350	455	778	896	4092.335	349	210	400	319	690	170	25	360	400	234	360	349	90	323	386	518	55
6.26755342744875	300	2536.665	240	1807	578	60	170	1116	175	620	1052	1216.165	698.665	3770.005	347.5	60	458	1128	789	355	150	445	150	700	1050	150	145	1736	1823.5	1411.665	145
6.9259045795022	1107.335	4277.335	1080	7356.665	1880	367	170	2641.835	1060.165	2188	2822.335	4353.83	3740.25	18066.5	2304.415	1693.25	1815.5	6515.665	3092.165	401	105	795	445	1240	2932.5	1110	118	4822	3641	3561.335	522
7.26330859413041	650	3006.835	878	2916.5	1074	310	146	2434	413	988	2378.5	1800.25	1702.5	10674.25	833	583.25	1003	2925.335	1586.75	270	90	288	379	714	1962	1054.5	90	1894	2059	2441	120
7.24944246551242	660	5530.5	960	6631.5	1235.165	315	230	3667	468	500	3242.335	1771	3235.83	21405.325	1014.5	1042.165	1514	5281	2831	200	195	424	269	1930	2626	1692.585	180	2508	3245	5145	502
6.17351314998674	0	1700	408	2220	1022.58	80	260	1068	571.165	960	1184	3236.915	1775.75	8252.5	1054	374	590	1288	2446.08	90	55	722.25	379	830	1698	1293.5	180	1586.5	1550	2142	470
9.4475998235258	346	3626	738	5155.83	642.25	173	170	3229	556.75	770	3332	1655.165	1141	10550.755	732	2627	4556	4745	1116	265	50	492	233	1234	2079.5	2252.665	150	3263	3639	4216.665	258
7.05366351154955	420	3478	646	1620	1017	365	610	1958	500	676	1994.335	3161.58	1795.915	8440.33	766.665	354	837.75	1820	2429.995	240	130	400	290	1164	1582	2158.165	145	1575	2064	2824	210
5.44758399593744	180	300	0	0	90	300	1328.17	240	347	562	340	731	262	862	90	60	1598.75	120	355	178	80	674	385	240	454	542	205	0	180	270	205
9.1233626307845	420	5915.665	780	5713.33	966.665	230	520	4492.665	771	970	4739	3277.165	2630.75	20322.655	1027.25	1702.335	2812.835	3747.5	2590.665	533	245	720	435	1512	2916.165	1930.25	235	5054	5086.83	5472.835	224
5.19212873031522	180	60	60	120	505	30	240	60	260	960	350	556	95	234	294	90	546	120	458	60	105	295	90	480	1156	1566.665	60	240	180	60	335
9.15866647885433	660	8742.84	1128	9574.16	817	250	280	7447.335	750	472	6870.665	3593.83	3622.665	22589.33	2002.25	4552.665	8020.915	8598.165	2846.165	218	135	581	493	1557	2865.5	5687.085	210	3642.5	3512	9876.335	277
6.60299893388737	600	2818.835	1012	2862.5	882	230	390	1586	565	110	1914.335	1795.75	2272.585	12534.505	1400	765.25	657	2838	2183	370.165	50	747.5	220	928	2288	348	145	3894.665	4616	1808	145
7.43429872800018	702	8241.835	704	4723.335	864	492	110	3850	497	1202	4734.5	4422.33	2518.75	8900.075	1748.5	2024.415	2731.665	4379.5	2862.415	236	55	866	450	1144	3029	1793.835	290	3924.5	3294	9570.335	552
2.02821535030399	706	4084.835	1174	4820.5	2353	165	0	1622	368	924	2200	4404.75	2358.665	27580.665	1186.5	996.915	1751	3408.665	3301.75	295	150	593	240	1792	1756	1229	30	2928.5	4186.335	2066	322
4.67767129640213	300	110	120	0	320	470	696	120	376	1372	60	150	254	471	30	0	1119.665	220	230	848	401	459	348	120	550	198	282	120	60	0	378
6.54329726826164	240	1442	290	1096.335	685	85	214	1188	285	540	1034	3020.835	1051.75	8201.915	916	328	640.5	1025.5	1604	145	85	203	235	780	1576	2071.75	60	1619	1655.335	1216	115
6.18139975469821	120	2293	180	1018	628	185	730	1002	415	640	776	1391.165	1135.5	10535.58	300	180	560	1124	1331	235	55	380	360	650	1144	872.915	150	1070	948	1501	190
5.84779046227289	60	1210	0	992	977	106	240	240	520	760	746	5467.255	1116.75	2931	702.25	270	407	410	1495.25	150	55	1030	316	180	892	1644	266	806	1284.5	1812	270
7.53392897628896	414	2588	660	3668.5	715	332	386	3364.665	575	1074	2242	1001	1540.75	18061.655	899	270	331	2306	1714.25	366	135	653	223	654	780	557	120	2081	2068	1472	331
4.30935378608369	300	150	300	110	85	304	2458.335	120	400	945	180	783	325	1767.75	30	0	1497	410	433	180	105	439	265	360	540	324	327	0	120	60	345
5.09040719587442	120	230	60	300	116	170	2171	180	142	1252	170	849	264	2301.165	30	0	2152.25	110	567	260	533	420	387	120	346	1050	290	180	0	60	175
7.59379224174694	832	9286.67	1176	16022.5	583.665	85	416	7248.165	766	638	5838.835	1374.83	4132.415	25258.335	328	172	833.415	9536.165	2655.5	435	105	688.5	478	2619.835	3556	430	150	7037.67	6549.835	8354.665	486
7.97810354348834	296	2571	480	3067	983.5	279	382	2640	306	726	2405	3881.665	1461.665	7405	499	60	690.75	2405	2261	210	0	517	284	914	2316	2551.495	90	2154.5	1284	4181.5	341
6.33389755441305	636	10458.5	1092	13813.835	1490	275	202	6411	851	462	6035.335	2054.585	3068.33	38395.32	1523	2035.25	2510	11799.835	2701.165	281	151	888	375	1758	3178	1669	140	4962.5	5038.335	7868.5	290
6.42368842451684	300	4169.17	360	5721.5	1059.25	269	290	1792	709	750	2704.17	4122.915	2626.5	22539.755	1008.5	646	1493.25	5133.665	2813.085	90	105	580	542.665	830	1522	1836.5	230	1229	2194	2365.165	450
5.53599281649487	290	1348	238	1498.5	1342.25	195	500	885	672	1050	935	2328.665	2243.665	19477.745	1131	1075	1361	1115.25	3044.08	120	110	470	115	384	567	765	150	877.5	660	691	410
4.48468136800209	300	170	300	60	115	187	2043	120	215	730	60	585	310	1129.5	0	0	1185	160	392	335	155	475	380	180	408	235	120	60	60	0	165
7.86711699450355	360	3487	540	5212.67	897	190	430	2859	421	296	2477.335	2142.165	1319	18911.745	1089.165	924	971	4418.665	2034.835	172	140	605.665	332	1208.67	2368.335	830	265	2937.5	3259	3998.165	90
5.30177637726679	120	180	60	180	433	140	110	120	366	530	450	378	120	310	60	30	563	300	180	145	0	514	240	360	472	435	85	240	292	580	375
7.31620592593067	300	1981.335	650	3116.335	1359.165	225	160	1218	457.5	580	1782	7376.995	3133.5	8657.835	2294	1777	1442.5	2087	2838	60	55	689.75	230	580	1358	2689.835	200	1624	1946	2207.67	405.165
6.90955266271978	751	5485.665	1044	9896.33	1233.5	225	330	3252.165	507	340	3997.335	2365.83	2136.665	17478.085	1473.25	973.835	529	9029.17	2436	145	0	666	630.165	2966	3594.67	1788.665	50	4958.5	5545.335	4936	317
7.28070063890498	360	1826	420	1264	912	225	400	1012	722	546	1070	5849.08	1566	6469	1409	551.5	1058.25	1578	2527.58	260	25	1015.665	792	420	1426	11426.91	226	540	820	1846	484
9.68590973375726	934	12065.665	1232	12206.835	1078	160	270	11876.84	753	350	11571.83	3368.25	2001.25	24933.755	1081.25	4572.745	6485.75	11911.34	3258.915	338	110	940	330	2166	6884	3550.33	115	6592.165	4802	22966	250
10.1149916271933	270	2016.25	460	2233.75	590	244	424	1501.75	762	1282	889	1311	3494.085	20308.41	508	90	660	1538.5	2218.835	205	105	879	258.75	383	847.915	2932	110	1020	1136.665	873	253
3.59006551831918	180	180	120	60	105	280	2338	120	366	1134	0	116	30	614	90	30	2871.5	240	281	580	1013.5	502	287	180	688.5	195	1484.165	120	180	60	230
4.07533162304017	300	0	120	300	60	333	2360	300	445	918	120	325	205	1331.665	60	30	1179	400	314	385	382	388	291	300	360	175	120	360	480	50	438
3.67640446398885	300	240	300	240	55	225	1834	240	285	540	230	872.25	569	2389	0	0	1446.5	120	772	205	140	371	322	420	300	994	337	0	360	120	320
5.86677112715019	300	1967	240	1296	837	260	450	540	475	802	928	1686.915	1528.5	14490.59	682	236	1201	900	3063.835	145	0	490	360	460	1272	3140.665	83	766	1286	1120	235
6.8220143673368	480	6425.835	540	8074.5	568	60	160	6773.335	820	410	4012.5	2059.165	1852.08	14584.83	459.25	330	652	4838	2511.915	295	90	860	330	1322	2004.5	1592	85	3141	2472	5544	186
5.96590824914876	988	8340.005	1076	14731.335	734.25	311	220	6576.5	308	1344	5602.335	1213.5	1946.75	20413.16	656	382	1492.5	13676.83	1839.5	235	100	445	350	2475	4536.835	110	115	6716.165	5927	7707.835	115
8.97847073386614	360	7775.165	565.335	10748.335	1051.5	85	220	4774.33	1143	350	5225.5	4465	2697.835	36245.745	1101	2535.58	3625.25	11414.165	3137.415	346	125	675	325	1469	2657	4314.165	120	3210.665	2890	6971.84	140
4.50433663038918	240	60	60	120	150	285	1784	180	380	280	0	318	139	466	30	0	1449	330	300	204	190	502	373	60	738	175	210	0	120	120	230
4.53932627987283	300	110	180	100	180	289	2375.335	420	383	908	300	602	350	1140.665	60	60	1339.665	260	455	385	187	257	90	180	480	145	195	180	0	170	446
7.12478417382982	590	4224.335	700	2982	986	85	0	2226	463	798	2494.665	2161	2248.835	12095.92	703.25	539	1197	2723	2513.915	221.665	0	320	115	1164	2140.5	1015.165	30	2662	2886.67	4721.5	170
8.29776273801391	819	6250.67	944	7133.835	1254	170	170	6633	675	1036	5502	3635.835	3092.75	17096.255	1758	1905	2908.335	6394.335	3289.665	373	25	530	230	1589	2243	2644.415	0	4406.665	3477	7393.665	392
5.86026899570955	180	880	180	1788	484	280	340	1646	437	3086.5	1263	1108.25	810.665	4272.745	717	119	913	952	907	947	210	725	370	1190	1254	823.165	303	1570	2014	574	312.5
8.25118780610645	708	3929.5	1371.335	5556.335	1042	230	60	3282.335	738	762	3393.5	4149.92	1793.75	14255.41	1217.5	768	1495.25	4753.5	1956	298	115	455	395	1227.335	1920	2103.335	60	3439	2442	3761.5	205
4.83030016305165	478	1494	352	1390	693	305	330	1784	224	544	1384	695.5	734.5	5646.58	0	0	294	1152	1046	120	50	949.5	407.5	1170	1068	170	175	1723	2604.67	908	90
8.13398358220649	826	10358.34	1276	12911.165	1897.165	205	230	8012.165	891	588	8320.835	3353.915	2498.5	26792.25	1960.25	1885.665	2349.585	14345.665	3147.165	235	85	757	445	2126	3521	1226	165	8451.335	8006.5	11159	313
6.39730375189992	240	3696.33	646	2536	831	447.165	460	2715.5	515	682	2692	3177.245	2217.33	10050.83	1289	1162	1608.335	2485	2710.33	480.25	110	454	175	986	1740	1617.58	114	3423	3696	3473.335	464
5.55621011018907	540	560	352	216	235	115	1914	116	392	2344	240	3359.25	1180.75	3848.165	501	150	1363	590	1779.915	90	110	750	295	360	950	6666.505	180	540	240	110	360
4.40633929704353	252	344	60	0	210	230	900	120	414	994	60	410.25	261	2316.75	176	60	906	240	540	240	205	225	200	120	480	596	120	60	200	100	345
8.75060385508622	766.665	6882.835	524.5	8508.5	1463.165	55	170	3980.165	576	570	6765	6810.495	2356.915	9643.745	2616.5	1006.5	889	5691	2854.75	144	115	606	650	2481	6010.165	1420.165	145	6890.835	3749	10373.005	574
5.89281065833428	446	3663.58	785	5144.5	803.25	230	564	1808	617	906	3215.83	4751.995	4834.495	13218.245	2047	1836.25	2997.415	2894.25	3544.835	355	170	582	378	842.665	1960.25	589	55	2624.665	1926.5	4505.5	290
7.88578812569181	60	6464.67	746.665	10336.67	472	160	170	4721.335	565	908	6088.67	6763.42	3163.08	15949.075	1297	1521.75	2673.25	3785.5	3379.585	262	60	925	398	1562	2865	6277.495	125	4295.835	2345	8208	205
6.34446286553471	688	3727	1167.835	6130.335	1453.165	217	300	1692.67	744	228	1734	3895.085	3580.5	15857.495	1877.5	563	670.75	4059	2774	235	80	610.5	325	1278	2874.335	425	110	3660.5	3289.335	3213	160
6.17375068660809	474	3437.5	540	2661.165	730	350	270	2605.5	612.165	950	1538	2357.17	2961.75	16823.835	578	147	696	2078	2794.25	342	155.25	564	202	1178	1802	906	224	1372.335	2567	2104	289
8.23156500828899	385	4180.58	589.5	5565.245	1456.665	144	410	2694.25	614	1568.665	4029.5	3988.42	3148	17373.245	1754.25	5158.75	7742.165	5166.745	3029.75	195	55	606	290	1195	2070.585	4251.915	195	2540.5	1751	6703.165	317
3.8595850561731	470	60	240	60	90	115	2779.5	180	180	1122	60	85	85	689	0	30	1543.585	240	150	338	1106.665	400	430	120	360	150	730	0	60	0	335
5.42382824315334	480	2109.335	240	2043	770	175	460	1787	561	1470	1412	2711.75	1341	9252.505	1267.75	928.665	1693.835	1753.5	1378.165	380	315	371	442	1080	1403.335	705.25	2680.585	1112	1146	2247	263
6.58270357906035	180	2028	240	300	210	221	1154	480	250	840	1242	2911.75	735.165	4101.75	150	90	1575.25	360	1332	25	115	396	385	540	650	5484.745	249.165	480	120	916	174
7.46243691398133	180	7076.665	600	6301.665	730	370	50	4557.665	419.165	368	3497	1266	1983.165	15359.425	283	120	703	5860.5	1856.5	210	55	475	480	1730	2152.665	519	205	4668.665	4399	5820	255
6.44252742753356	180	1083.5	300	1422	997	115	220	736	372	290	846.165	1358	1047	10687.59	1222	2577.75	2741	1115	1457.665	263	25	402	291	881.25	870	680.165	25	1057.5	1557.165	818	427
6.02656138414541	0	640	240	290	260	120	804	294	215	790	400	1970.25	1638.165	10025.09	90	210	1131	502	2862.165	250	105	763	291	360	600	2676.165	385	240	360	818	85
11.7147514019747	840	4586	360	5512.335	645	55	290	9469.17	489	11258.17	3498.335	6723.41	2387.5	29125.165	1683.5	3919.835	9524.75	8942.665	3173	261	180	985.665	1072.5	1930	1750	20018.505	90	2924	2630.835	3626.835	340
2.67251973726227	300	230	300	160	60	110	2098	320	174	490	160	562	478	5842.92	30	90	935	280	862.58	260	90	320	475	300	1058	370.665	288	0	60	240	260
8.2397623946282	530	7134.83	864	10108.835	850	145	282.5	5940.835	373	420	6073.5	1043.165	2440.83	14024.09	605	1682.665	2892.915	8761.17	1430.33	150	25	519	397	1252	3672.67	916	85	7038.5	3292.335	8411.67	260
3.55283777048662	468	290	420	110	85	330	2911.665	360	339	884	60	829	289	2677.75	90	30	1163.665	360	783	115	110	375	295	360	534	767.5	210	120	120	230	395
6.18143076719418	420	3702.335	770	5765.165	410	85	430	2827.335	537	410	2276.335	1265	2458.5	10603.675	360	120	659	4184	1765	600	25	320	260	762	1042	410	143	1860	1943	2660	295
6.95425090795604	470	2498	240	3043.335	1011	248	220	1382	459	1130	2324	4250.92	1084	6104	1308.25	592	784	2613	2220	250	0	666	440	1005	2651	5306.91	115	1848	2096	3187.335	440
6.28030688369293	180	1028.165	270	994.165	1112	250	300	768	361	530	821	1235	1928.165	11505	840	567.665	526	1092	2146.25	90	85	769	319.165	639	598	730.165	60	573.5	974	924.165	295
4.47508712673641	836	1286	1108	844	684	417	330	1106	417.5	300	848	5423.585	2367.415	6848.51	520	180	693	796	2960.25	30	115	779	180	1034	1252	1666.5	50	1002	1694	952	410
5.08210908555468	180	1850	230	2778.83	1099.33	60	210	1032.5	570	860	1982.835	2630.165	1437.25	10416.34	1184	1567	3155.25	2867.335	2094	195	0	427	150	948	820	2277.17	120	1068	1810	1516.335	170
9.69030670823613	150	887	90	1469.5	459	80	50	706.75	441	240	502	842.25	778	13434.835	806	2921.245	3669.665	1423.33	941.25	60	0	265	90	327	353	1724.75	55	258.5	231	658	0
3.05154297408064	240	230	350	0	0	165	2620.5	120	451	408	120	836	416	1952.33	30	57	1395	100	627	85	135	285	210	300	240	441	145	0	120	240	175
7.82068236012063	360	1744	460	2128	964	225	320	1360	909	684	1322	2483	2022	10949.085	1382	1704.25	2556.5	2531.165	1976.25	150	30	428	414	984.5	770	1757	85	1129.335	1548	1154	225
5.48422623125202	180	2135	292	2370.335	1107	275	330	600	811.5	650	1304	7370.41	2219.75	9637	1024.665	90	486	1424	3484.5	321	30	696	340	764	660	6113.915	150	500	823.335	1758	364
8.60269359412561	506	6573.67	1398.5	9898.165	600	160	260	4338.67	915	480	5126.5	3390.915	2222.5	31678.075	1144.5	2081.335	3503.915	8417.34	2696.665	240	126	436	443	1343	2036.5	6718.33	196	3203.5	2824	6513.67	294
7.85994969026931	540	5715.5	768	8823.5	1036	110	270	4545.5	552	480	4188.665	2222	2043.165	12500.165	1415.165	1897	2337.5	6210.5	2081.915	584	105	548	342	2048	3205.5	1792.665	80	5142.665	4515.5	5805.835	205
6.88729845774776	420	2549	534	922.335	548	192.5	210	1763.335	453	830	1766	1808.665	1232.085	5779.425	1036.415	462	704.5	1252	1783.915	180	0	693	409	770	1498	1564.33	90	1460	1426	2197.165	220
7.7069659780355	580	5576.165	826	7306.5	620	55	0	6508.335	525	782	4693	2164.665	1889	19165.33	915	2682.75	4496.75	7215.335	1952.75	288	108	360	407	1548	2800	3552	30	4565	2989.5	5431.5	168
9.12997919693063	806	6520.5	764	8119.83	1052.665	105	160	4333.835	711	752	4444	3189.835	2218.665	11045.085	1293.25	2745.75	3927.75	5209	1737	406	85	754	436	1765.335	3051	2311.75	55	5067.835	4194.5	4971.5	301
8.60772104501506	702	7926.34	1224	9344.835	1131	196.25	220	4993.665	660	1234	7527.665	4166.25	2402	16853.25	1227.915	651	1598.835	8049.17	2673.5	285	55	684	410	1866	4252	2631.5	145	3688.835	3610	9697.33	385
9.15128280294093	480	6377.835	466	7878.5	1286	145	290	9250.17	793	480	2857	4146.5	3367.995	23625.42	2042.25	2911.415	3728.165	6539.165	2886.915	235	60	643	339	1220	2116.835	2209	110	2913.67	3216.5	3817.165	290
7.15237065194748	586.5	6573.67	760	4503.67	1865.5	276.25	110	4026	625	1008	5788.165	11401.84	3134.25	7358.93	2729	475	1176.5	3119.335	5044.665	145	0	1439	581	990	3363.335	12504.5	364	4024.835	2827	10997.665	567
11.866581356152	760	3503.165	1069.335	7180.835	739	175	166	2703	396	1408	2941.83	1484.75	2847.5	17586.91	786	1782.915	2904.585	4547.5	2183	235	30	375	323	922	2738.5	1307.75	172	4173.5	3438.5	4553.335	235
5.47317572617275	580	1500	568	350	285	115	646	586	492	480	480	1195.25	2001.665	11995.175	60	30	612	680	2430.415	225	195	832.5	263	1230	1074	656	320	712	1116	120	260
5.60125313262659	232	3201	360	4205.5	638	177	50	3900	230	392	2719.5	2377.33	1538	9425.915	1275.415	497	875	5443.665	1860.585	110	75	439	180	472	1408	2845.915	180	1682	1287.665	6737.17	175
4.39837846186098	540	4664	710	4100.665	1185.495	239	206	3134	685	410	2605	3947.835	2035.415	6459.92	210	90	250	2137	2598	120	50	404	374	1230	2308	392	55	3022	2512.835	4120	301
2.92011393059508	978	8635.505	1646	14560	1298.75	344	220	7158.5	1050	630	5037.835	6172.25	3703.75	36013	2213.415	2187.25	4143.665	11946.5	4071.91	199	110	463	225	1466	2186	2919.085	207	4930.165	4164.165	5741.5	335
7.81095063954405	834	8055	996.5	8211.505	1397.25	339	390	5216	669	890	4559	2699.58	2372.75	19703.42	828	569	955.335	6150	2506.665	572	55	480	150	1414	2539.5	2513.085	258	4202	3381.835	5348.83	285
7.57105904180139	480	3351.165	644	2752	950	155	110	1298	1143.5	980	2042.5	5871.415	2472	12676.58	2026.665	3760.165	3894.75	2895	2641.245	85	30	476	420	1004	1744	7336.005	90	936	1184	3787.5	287
4.39559109500291	336	581	320	558.335	538.665	165	760	150	320	720	345	1358.665	1376.165	9053.745	330	150	500	591	1571.25	175	30	516	195	380	467	658	254	295	576	381	115
7.30847581605954	298	3395.665	330	4290.335	797	280	60	2497.165	649	1128	2628.25	2760.915	2625.5	17925.93	713	1378.75	1908.25	2875.915	2970.835	540	80	450	500	840	1679	2029.25	175	2159.5	1842	4465.745	260
7.29576220942314	120	2920.5	300	4439.5	1277.5	135	340	3009.335	604	876	2716	3787.415	2107.415	13026.085	1610.25	860	1574.335	3309.835	2506.665	240	25	802	434.5	576	2951.335	2741.58	145	2690.5	2457	3749.5	337
7.87935772058736	360	3329.335	480	5791.5	934.5	165	280	2959	644	1044.5	3912.665	4636.75	2685.415	17454.005	1882.5	1148	1832	4072	3958.665	234	50	584	245	780	2192	5330.25	257	1690	1646	7205.5	230
4.48726464282797	114	120	180	60	55	200	2528	120	323	610	0	485	318	1018.25	0	0	1732	240	439	237	235	470	60	180	540	520	275	120	120	50	371
9.57375703934185	872	5530.5	1066	5487.335	993	193	110	2047.335	637.5	5084.665	4463	4843.915	3403.665	30008.99	2108.5	5894.995	11810.59	5116.5	2453.25	207	95	886.165	495	1060	2093.335	13231.91	300	2261.335	1363	5990	442
7.91008057758875	295	1591	732	1367.5	1226.75	276	0	815	468	752	722	3085.335	1653.5	6795.995	420	150	513	1345.165	1756	195	25	325	261	606	956	376	144	1013	967	1160.75	309
4.25564249660864	660	2891.665	418	2482.5	1041.335	165	290	972	683	1359	1273	3740.335	2620.5	11179.495	1094	2296.42	2924.75	2197.5	3008.58	140	60	571	175	360	2211	3842.665	135	1284	890	2282.5	205
8.89198532348836	480	5467.67	756	9232.995	694	137	218	3052	703	460	4357	2141.75	3114.5	21854.995	1319.835	4962	7974	5747.67	2070	150	25	516	428	1590	2703.5	2823.75	115	3471.5	3198.5	6136	155
6.32756171339911	270	2432.67	240	3038	296	120	100	3245.5	90	110	1704	672.665	1025.25	6144	145	90	200	2539.335	646.165	210	25	400	200	1080	896	271	90	1963.335	1210	1990.5	417
7.19520607469151	90	942.665	90	897.75	284	217	340	1024.33	110	180	469	813	704	3409.165	200	0	406	577	709.5	90	55	370	257	414	609	295	55	736	746	1092.5	225
8.68766481425295	60	428	60	449	340	30	0	180	175	160	226	520.75	277.665	2514.245	402	120	205	384	270	30	0	30	60	232	236	160	30	420	294	422	25
7.16207574017107	934	5082.165	1074	3701.17	1535	245	400	1596	555	926	2288	2096.91	3068.25	21348.32	1370	1937.58	2270.25	3398.835	2808	320	55	421.75	210	1320	1938	2129.5	210	2978	3277	2374.5	145
7.39064736904186	1230	10234.165	1186	13380.165	1118.25	165	540	6175.17	507	1100	6122.5	2783.495	3169.415	36109.08	1657.75	1624.915	2325	10242.165	2478	270	50	681.665	320	1656	3371	1386.085	259.165	5636	6051.5	7705.5	315
7.73044716588284	526.5	2848	1008	3078.5	1854.75	235	170	3379	723.165	838	2552	4926.92	2444.085	6428.995	2013.75	1480.25	1367.5	2238	3377.585	120	55	610	55	1487	1160	3440.915	200	2524	1836	2636	270
7.44771340054261	480	3869.67	1024	4836	1154	225	680	2890.835	1018	778	2267	1315.835	3287.165	26636.165	1482	2230.75	2297	2895	3001	263	50	764.165	482	1194	1312	824.165	90	2742	2394.5	3446	230
2.21123595788387	400	120	120	0	30	644	1334	60	440	1134	120	270	180	629	90	30	1878.995	110	165	630	494	251	286	120	540	235	434	120	0	0	390
4.99932490545031	360	890	90	120	90	320	2146	234	410	872	240	2922.335	505	2029	385	30	2665.085	230	697	173	215	1054.5	627.5	360	950	6556.58	350	360	120	180	525.25
3.95151771950129	60	30	60	120	0	85	1100.5	60	175	240	170	443	646.5	3133.5	0	30	506	45	779	207	130	230	180	90	60	275	30	150	120	85	30
7.007921829325	660	2253	946	3959	1763.915	210	170	1368	805	1801	1272	10667.245	5377	15236.32	2543.085	1220	1255	2058	5194.585	115	0	784	647	834	1856	6944.415	120	1116	1620	2239	475
6.82302493482155	390	1904.5	360	1246	740	191	546	1704	631	920	1012	2016.75	1692.5	17247.675	1121.25	1156.75	1669.5	2069	1544	145	30	795	199	514	956	1154.915	100	988	1879.835	978	295
6.33501613020408	468	5564.5	826.5	3420.665	1533	806	510	4140.335	648	1362	3469.67	4829.745	2261.5	16541.925	2036	849.25	1251	2122.5	2670.745	155	55	865.165	698	932	1900	1579.665	287	2456	2074.335	6844.175	465
5.63690700275287	240	6108.83	852	7564.84	650	73	180	4517.5	980.165	2105.5	2629.17	1925.5	2015.41	16439.99	551	504.665	1071	4112.665	1841.665	120	110	369.5	299	1452	2342.67	2217	375	3041.835	2832	5209	170
5.78289859933812	430	4296.5	1192	4826.5	835	400	160	3690.335	730	500	2260	3013.08	2966.085	15168.67	842.25	1703	2398.67	3839	2625.5	167	50	749	291.665	1352	2203.335	1924.915	142	2846.335	2592.5	4143.835	320
7.36426198313782	588	6797.835	926	7328.5	798	105	280	5577.665	593	440	5355	2685.25	2180.915	10804.085	1254.5	1317	1491	4458.335	2334.835	175	140	542.5	355	2142	2961	1627.5	133	3929	3606	8791	291
5.17794191097304	586	6963.835	780	10906.835	572	170	560	7078.665	906	582	7042.335	2723.17	2452.665	17468.11	775	864.75	1593	8900	2345.335	309	51	674	210	2394	3926.5	1804.085	200	4026.17	3774	12089.67	270
6.55998414960677	360	9335.835	522	10571.165	888.75	220	160	9717.165	413	1004	7150.165	1843.83	2676.75	26854.66	993	1200.165	2209.25	7712.67	1972.08	231	25	426.665	468	2171	4151.335	675.085	150	8446	5258.835	15225.005	265
5.33773036890487	148	55	90	55	60	190	1020	120	274	766	110	270	258	1481.745	30	30	766.5	85	275	365	105	460	387	180	262	115	260	0	30	0	419
6.45945286572876	420	2931	480	4736	593	240	250	2612	400	580	2560	1802.165	1982.5	15106	536	325	450	3723.005	1467.165	234	85	520	115	816	1331.5	330	195	2700.665	2793.335	2118	352
6.91086543742134	267	1452	90	1478.165	881	120	50	908.665	245	290	873.25	2280	1435	10718.5	205	90	355	1171	1858.665	170	25	466	285	440	385	360	265	1005	1071.5	1051.25	175
4.16331932243393	0	0	0	0	0	30	60	0	0	0	0	132.5	30	25	0	0	30	0	0	0	0	81	0	0	0	0	0	0	0	0	30
4.36814890793791	289.665	607	437	30	30	160	2381	387	209	850	313	580.665	969	7526.995	150	30	1118	230	1480	423	427	300	270	265	444	325	270	210	325	190	325
8.52524865884215	400	4612.335	648	6830	814	186	110	3000	766.165	700	3660.335	6367.83	2447.835	20561.505	1721.5	1434	1755.5	6429	2263	205	0	639	353	826.665	3172	8704.42	80	3084	3039.5	6745.5	555
4.047699221274	660	2993	300	2125.165	1332	278	240	1316	680.165	1202	1604	3532.665	2283.5	12084.83	895.25	120	578.165	2403.835	2731.25	422	0	708	778	1058	1632.5	1071	170	2206	2176	1869.5	160
9.62326095218903	700	5211.67	902	7410.17	411	105	440	3309.335	558	520	3403.5	1056.25	2046.83	29046.91	1024.665	3993.75	6606.17	5946.335	2094.75	205	80	508	285	1364	1340	2842.75	120	1414	1702	3162.665	235
5.84102675763138	120	1396.67	300	634	441	275	354	1276	325	590	671	977.335	977.5	3466.83	60	90	387	1339	1104	200	130	300	411	430	938	170	30	1263	1564	1470	265
8.43401699616096	240	2183	180	1215.335	969	195	230	1464	478	1166	2326	5960.665	1136.5	4622.83	1734	777	1274	934	2728.83	60	50	630.665	330	598	1970	12163.93	235	818	525	4289.335	376
6.96023434506447	180	1334	240	1270	839	60	170	660	509	544	1430	3659.915	1192.75	5991.165	1622.5	1398.5	1769.25	1465	2080.915	85	25	449	280	478	1068	4012.255	115	1002	764	3104	265
5.86756235881639	60	3278.835	60	2354.5	469	250	50	1410	285	438	1674	2584	965.25	6971.585	1348.665	734	792	1206	1476.165	270	0	260	370	420	1590	3106.915	140	830	756	2612	320
2.31366795061344	420	60	180	180	270	285	1460	60	260	496	120	266	434	1750	60	0	924	420	308	542	692	542	170	480	294	180	350	60	60	0	205
3.22634585459327	300	120	474	60	113	305	2453	300	410	590	0	540	150	1034	30	30	930.5	340	170	210	135	400	210	240	240	231	200	60	120	0	120
7.42775964887764	270	1482	475	2819	845	105	340	1812.335	706	468	1240	2555.67	1913.415	14838.915	956	1253.67	940.585	1883.58	1900.75	210	50	320	395	615	971	1430.165	140	1143.83	1253.5	1227.5	135
7.14374397702503	120	2350.335	420	2736	1097.915	397	280	1334	561	1476	1222	4023.915	1932.5	5477.665	744	210	533	1408.5	2094	60	30	608	445	530	1736.67	2859.165	315	1188	1172	1638	175
3.49935501876086	180	618	0	170	286.665	285	460	240	145	448	456	949.75	588	2359.165	205	60	1383	230	1290	270	230	623	190	240	746	2722.915	479	300	352	765	234
5.04637238236568	352	0	420	60	140	325	1460	240	522.5	1030	50	237.5	180	271	0	30	776	276	235	447	180	297	389	240	720	180	390	60	120	60	343
7.57269329612818	471	5239.58	625	6060.665	1360.5	225	390	4621.165	793	460	3047.83	3327.67	1911.75	28478.495	1424.25	914	970	6667.33	2092.5	225	105	654	439	1115.665	1645	842.25	115	3206.25	2357	4825.755	281
1.62446740170376	300	0	0	290	115	260	1868	180	285.665	610	80	358.5	265	1211.165	30	0	1051.75	60	341	448	503	295	291	300	338.5	145	170	60	180	60	225
5.96990505242368	240	2734.005	420	3162.335	629.5	120	110	1592	606	578	1290	2793.335	1213	9139.42	583	406	460	1778	1798.75	370	165	342	376	1476	1384	826.665	90	1790.67	1654	2429.335	295
3.94587935608228	60	240	0	50	30	90	1542	0	175	820	0	850.665	235	1134	30	0	1652	170	308	145	130	400	170	60	1042	557	577.5	60	0	120	286
7.03185874302766	420	1972	120	1602.335	1008	160	110	1192	370	860	1526	5388.75	2082.5	10636.745	2073	908.25	1367.25	1560	2437.415	60	105	586	300	654	1755	2194.5	225	640	1166	1734	280
3.58212073920873	532	2934	780	2197	460	265	574	952	495	724	1916.335	2944.835	1364.25	4856.75	746.5	382.5	802.5	1954	1664.915	150	199.5	542.25	315	950	2094.67	801.335	345	2390.335	1987.335	1972	290
6.68023591776095	300	973	226	230	142	135	2219	300	426	1182	480	1406.83	1195.75	6354.835	210	90	1119	170	1880	120	135	469	303.75	480	660	886	175	120	600	180	198
7.19370835758513	480	7578.835	420	8014.665	1141.585	165	400	5436.5	1122.165	1592	6916.5	8156.75	2297.915	17836.415	2953.415	2116.33	3003.835	7099	3356	180	140	718	482	1498	3526.5	8322.905	145	3790.335	3635	15933.84	380
8.31740721558534	1056	5691.67	1242	7051.335	1076	255	220	2570	798.5	790	2708	1927.835	2383	23643.425	778.5	4184.58	7206.75	5389.335	2739.915	290	115	270	530	1834	2076	2052.915	85	3898	3932	3991	150
8.1752492120775	120	1904.5	466	3340.415	390	225	230	1998.165	477.5	542	1508.5	2514.915	2217	17835.41	419	2405.5	3671.75	1942.165	2076	177.5	80	383	206	420	608.665	628.25	210	923.5	589	2131.335	334
5.95871664007318	420	2162.335	230	1993.5	1051.335	315	1376	1368	396	1106	1310	3194.915	1144.83	2989.58	387	245	786	1160	1604.915	120	30	1005	295	1232	1987.335	1120	180	1182	2036	2702.5	802
6.74231620766439	480	4073	660	3018	804.5	166	170	3529	461	622	2761	3890.08	1612.5	7078.5	677	150	426	1420	3216.915	175	30	530	230	1080	1515.335	789	170	1699.5	1917.335	4008.335	285
5.88582621508499	180	550	120	180	631	170	390	766	469	748	220	2283.25	794.5	2348.585	445	85	412	280	1246	411	50	626	270	60	600	2360	115	360	420	570	205
2.4681452931364	476	2090	534	2612.335	810	282	60	990	604	826	1138	2518	2409.165	23105.335	1198	1343	1474	2570	2002.415	235	130	587	385	528	1098	3519.415	108	1120	836	1038	295
8.96012876393686	540	4749	600	8305.67	612	259	350	4377.335	433	628	4043.5	2706.58	1887.75	18666.99	744	297	1379.335	6421.335	1677.25	230	145	596.5	180	1576	2693.335	762.5	171	5554.335	6042.835	5783.665	90
3.40395856608142	240	0	180	0	30	110	810	60	90	230	0	112	0	446	0	60	495	180	120	288	295	175	295	120	226	0	150	0	120	0	267
3.65981875279953	352	2510	360	3703	470	115	210	1464	410	932	2304	3312.58	1203.5	12601.24	1443.915	1752.75	2442.5	3453.5	1511	175	90	693.25	735	840	2920	3042.415	175	2355.335	2420.17	4174	275
4.5816036641195	410	3874.67	480	2609.335	832	456	600	2322.335	616	1084	2195	3397.5	1137.25	7216.25	679	178	790.5	1132	1470.165	1061	198	736	582	584	2310	1055	140	2425	2551	4168.005	310
4.58067306678764	420	4218.165	1070	5090.335	598	50	410	3805.335	330	462	2568	1455.665	3082.5	19673.91	946.25	824	871	5445.835	2370.335	90	105	325	180	1214	1394	1479.165	175	2522	2288	3918.335	120
7.30240544923887	820	2999.165	230	3786	1472.5	200	60	1580	571	2296	1811	3190.915	1349.75	16237.57	1443	261	365	3141.835	2122.665	443.75	140	584	175	1572	2126	1150.25	30	2994.5	3251	3169	260
3.97575057283161	60	290	120	60	90	200	789	240	399.165	740	120	1116	476	2635.25	0	30	884	230	717.75	150	85	372	0	230	766	1057	436	140	240	0	144
11.9102071802704	938	3320	1383.665	4882.5	671.5	55	160	2180	745	1100	1770	2816.5	4439	24248.425	844	1946.25	2587.5	3672.5	3571.335	329	115	424.5	210	1651.5	1382	5412.92	60	2419	2082	2084.335	260
5.11533158920845	420	1299.5	420	1116	467	217	836.67	360	360	474	838	1819.995	1699.585	7136.165	527.25	383.25	1037	1478	1881	264	115	265	310	480	1088	260	275	1046	2181.335	608	172
3.08195813377275	582	50	180	60	0	259.5	3467	120	596	815	110	496	260	1401.835	30	0	1733.165	60	400	240	504.5	555	200	240	538	235	312	0	240	60	290
7.6672728954487	598	1918	708	2157.335	1168.665	165	270	1122	430	290	1320	2756.165	2691.165	14655.085	1243	561	521	2224	2516.415	140	30	1009.665	349	1120	1342	1619.5	170	1704	1571.335	1420	175
2.83344978668969	180	354	812	240	210	306	3333	600	398	666	180	475	316	4047.17	60	60	1057.335	340	755.5	500	488.665	483	231	774	720	120	230	300	560	276	311
8.49949448931645	660	6499.835	600	5277.835	1246	190	320	5197	666	622	4402	6126.245	2215.915	10999.57	1274.665	234	596	2936.5	2858.25	120	80	827	540	1464	2482	3814	286	2360	1959.5	7471.5	355
7.45442187253611	120	1329	148	1727	282	135	170	1036	366	580	793	3030.915	1239.75	6586.325	546	585	544	1031	1775	60	0	585	266	120	533	2836.585	235.5	385	441	1390	290
8.41061749327872	480	9922	887.335	12983.335	616	115	210	8514.5	454	680	6930.335	1915.335	2456.165	22163.09	1512	741	1567	10616	2243.245	180	75	505	150	2014	4053.665	1178	60	6964	3956.5	10866.67	85
5.1653429616342	526	842	330	568	405	145	1987.5	536	200	1186	420	989.75	1645.75	6714.66	150	90	813	902	1252	184	110	315	262	360	652	871.335	140	360	480	398	373
8.73509181209767	180	4171	420	3605	378	145	330	2013.5	240	2208	2784	1386.5	1175.5	25673.43	586	2910.245	6300.42	2205	1468	185	80	767	351	480	1748.5	6067.165	180	1588.665	1408	3322.665	378
6.56198989451569	540	3673	499.335	2589.67	1175.5	75	370	2038	342	600	2120	4413.33	1426.415	3971.585	707	120	497	1332	1933.995	175	100	584	210	942	1924	1828.915	120	3030	1390	4127.665	185
7.89331271151528	472	4080	584	2427.335	1020.5	120	240	2460	499	710	2028	1934.5	1993.665	9672.075	1558.5	1129.25	1529.335	2442	2461.415	30	50	546	115	521.335	2464.5	5753.165	120	1708.5	950	3971	288
10.1040030086766	210	1865	210	2656.335	235	150	50	1586	301.335	458	1223.25	1625.83	1198.665	16357.43	386	371.25	440	2758.085	1423	30	75	380	210	480	832.665	1513.665	115	1325.5	520	2156.915	109.165
11.5289139649767	150	1823.495	321	2143.5	784	145	210	1179.915	320	1512	1165	2109	2323.415	16911.9	431.665	327	834.5	1777.75	2058.25	175	50	413	288	501	695	3639.165	180	1364	669	1735	90
6.68471984682284	1286	6332.5	1120	6206.5	1852	110	290	2950	634	650	3778.835	6409.08	3843.835	14074.6	501	188	450	3854	3719.165	295	90	663	307.665	1986	3717.67	1380.75	115	3957	5218	5118.335	290
5.66542791961299	360	4301.33	348	3657.83	451	85	594	2338.5	440	584	2886.5	1216	1428.5	17898.25	165	445	1324.5	4609	1479.5	205	135	355	390	540	1532.335	1757.5	145	1970	1010	2901.335	140
7.95797532429982	360	2014	720	1526	1188	275	290	1149	953	756	896	5234.835	2431.335	7822.165	1949.75	2539.58	2587.5	1751	2540	110	50	341	147	300	762	4861.745	90	1228	580	1672	266
5.18677109180312	232	1687.5	300	468	115	205	1375	989	455	640	793	3218.5	2237.585	8765.825	150	150	1040	441	3338.585	85	55	559	360	264	616	2776.415	120	804.5	349	1180.165	90
6.54249789676988	526	2947	420	1454	497	80	340	1483.5	360	400	2136	1361.665	1244	7832.68	180	90	185	1036	2112.665	115	60	435	174	1574	1230	421	120	1933	1752	2276	90
9.70480792912936	932	3370	536	3264.335	1462.25	160	290	2303.335	604.165	1434	1868	3370.33	1966.085	8047.41	1098	240	315	1769.5	2061	404	0	522	264	982	1722	343	112	2646	2826.5	2200	180
9.13642253559166	190	2541.085	673	4833.165	769.5	145	540	2110.415	448	510	2068.835	1853.915	1960.25	18327.245	1567.665	858	1355.5	2940.08	1570	354	105	666.335	165	1009.665	1093	1513.5	90	1703.25	1552.335	2430.415	175
4.63090128355647	60	120	60	180	0	110	1721	110	335	760	120	711	436	1472.415	60	90	2680	272	565	300	260	399	210	120	420	791.665	342	120	120	60	345
4.30614630435939	180	60	60	170	80	277	2707	120	235	1836	60	180	293.25	1424.665	60	30	4010.415	240	164	409	2464.665	485	275	60	540	330	3079	180	240	110	465
8.60862403814693	874	6104	1140	9212	978.25	232	590	4610.335	410	620	3868.835	1937.25	1239.835	21816.74	810	2412	3652.75	6155	1615.585	200	53	561	314	712	1958	1638.165	180	3424.17	3147.5	4460.67	298
5.93088617422205	692	3802.5	1578.835	9136.665	1665.25	214	330	3930	839	1881.335	2874	6817.745	3332	22965.925	1323.75	896	1495	7545.17	3387.915	385	160	788	454	1066.5	1804	3410.665	150	3887.17	2585.5	3119	413
8.17531677850377	352	5536	240	5972.17	464	90	110	11437.67	398	898	5425.17	3031.75	1435.665	12968.32	917	210	1227	4263.83	2119.5	360	160	640.25	231	936	2498.335	5964.745	369	3312	1898	9829.835	435
7.67293005492619	410	7106.17	1014	6458.505	619.75	415	440	6171.005	586	340	3822	1667	1999	20301.575	1258.665	1458.25	2505.08	5152.165	2304.835	336	280	489.5	585	1056	2324	1825.5	294	2706	2106.335	5683.5	290
3.67972909195048	240	50	292	50	110	115	2206	60	381	414	60	312	60	568	30	0	631.665	280	242	265	365	300	328	200	360	60	110	0	60	0	316
5.34205909449524	60	205	120	90	110	130	1622	150	391	1282	169	1093	541	3233.75	475	150	663	205	864.5	205	65	312	350	210	250	175	90	180	295	60	225
7.00211318733808	480	3074	480	3643	1658	220	270	1698	794	820	2279	3246.665	2157.335	13705.495	1513.585	530.25	552	2542	2506.75	145	60	731.665	368	1224	2072	1335.83	143	2112	2306	3466.5	115
5.03814020861844	180	240	120	50	90	340	1815.5	300	225	932	120	180	175	814	60	0	2326.58	290	373	270	220	527	150	120	600	150	485	0	0	300	612
4.9524092517202	300	2166	702	2539.5	997	270	290	1486	258	350	1664	1031.5	2439	17773.755	240	352	614.665	1640	2267.665	150	60	384	210	350	1310	260	60	1644	2109	1404.5	205
7.26650746396106	464	4266.5	1467	5093	708	60	0	4396.67	225	540	2885	2149.665	2668.33	12638.005	951	387	567.335	5522.5	2480	90	60	387	284	944	1652	1765	55	1602.665	2400.335	5768.335	217
5.07915649881037	300	960	240	260	208	200	2188	468	502	678	300	912	848	5407.415	120	30	1450.165	454	1246.915	340	210	334	414	292	1060	558	230	600	420	420	451
4.21488852375334	938	5609.67	540	5988.835	1301.915	209	616	3862.5	663.5	1837.5	2879.5	5762.165	1809.25	15842.43	1412.665	175	1242.25	4685.5	2069	638	379.33	837	385	1002	2494	579	2397.5	4158.335	2469.335	4870.5	385
6.76203157557317	360	4175.67	524	4685.665	411	110	60	2313.5	343	450	2184	2018	1887.835	9916.67	290	330	599	3480.165	1903.83	90	30	370	180	704	1311.335	1743	115	1946	1214	4461.335	230
10.5383207989584	720	3800.67	818	3778	999	205	470	1644	260	1184	1853	1865.25	2443.25	18529.505	696	2819.75	3484	3339.335	1736	168	110	580	295	1224	1372	2067.58	145	1178	1173.335	2258.5	230
4.16482710138078	300	560	290	110	84	140	2592	218	470	838	180	961	990	5907.245	60	30	1143	570	1041.665	175	240	481	260	300	350	525	150	360	240	60	315
4.58278244015044	586	2216.5	360	1975	908	180	170	972	666.5	430	1749	4572.17	1813.75	6747.5	1199.25	720	1710.08	1747.335	2463.915	205	80	568	376	416	1568	1854.75	80	1462	1392.5	1868	365
5.54616133530021	754	5806.835	640	4782	1103.25	165	550	4175.5	597.165	864	4791.165	7942.17	4139.33	15125.83	1917.25	1090	1733	3417.335	4077.33	180	50	665	355	480	2462	2620.665	90	2156	2708	6422.67	205
7.22299293497977	240	6818.5	360	7948	766	188	270	4104.665	652	460	6126.165	6123.755	1834.665	12564.66	2436.5	1414.25	1857.335	7629.5	2637.585	90	25	634	450	1196	2570.5	10383.25	196.5	3487	2067.335	10867.83	290
4.97709884817515	60	2396	360	1382	427	165	256	1080	522	766	1062	1840.25	1121	4685.84	300	150	389	1180	1290	207	0	522	480	300	586.5	3005.915	296	915.335	868	1534	605.665
8.11687382126062	180	1673	704	2837	947	165	110	1780.67	374	710	1515	1303.5	2178.25	18479.08	835	1078.5	2059.5	2114	1734	300	50	458.665	240	894	1172	641	55	1448	1538	1894.5	320
7.54974599789777	474	3776.335	420	3499.5	902.165	135	330	1712	445	692	2337	4409.085	2630.165	17036.665	1440	445	1170.665	3709.335	3192.585	120	25	357	210	716	2747.335	4204.335	120	1576	1802	3081.335	210
9.22018228111035	180	110	120	60	60	85	880	240	85	420	50	185	90	711.165	60	0	238	110	170	150	188	235	90	60	180	0	115	60	120	60	150
6.02658552165196	180	1115.165	70	393	750	148	490	565	401	818	617.165	2085.915	1649.5	7175.83	379	190	558.5	599	2316.25	30	55	400	90	384	558	1796	60	297	550	428	175
8.87438430211798	180	1987.835	120	1524	692.5	140	110	1811	628	1312	2405	3752.415	840.835	3994.165	657	240	1903.5	1658.5	1866.165	150	0	592	289.5	760	1654	8343.335	165	780	1060	3246.5	451
4.27251515456016	300	4632.665	352	3686.835	376	165	1916.67	2345.5	350	736	3602.665	2963.42	957	6517.245	504	210	1478.5	2066.335	1346	210	110	821.5	504	930.5	2272	1500.165	110	2066.5	1002	5128.165	265
7.28160724947943	180	120	300	222	225	506	3104	300	662	1004	60	180	148	844	60	90	1119	240	377	424	110	540	290	60	540	90	170	420	120	60	375
6.51365880239377	60	460	760	540	400	395	1990	480	546	1094	648	1646.5	1894.415	8199.585	420	232	691	906	1681.75	301	150	644	300	780	770	752.5	25	710	1108	508	224
7.21591254662324	536	1672.335	480	2069.335	561	157	257	1396	145	740	1544	988.25	916.665	6698.58	626	420	629	1814.335	949.165	230	155	412	180	660	905.665	90	228	2008.5	2625.835	1952.335	90
9.76535989898319	952	6142.5	1392	8304.17	798.665	255	330	3258	485	704	4416.335	2798	4938.835	32809.33	1223	1150	2535.83	5999.165	3138.165	170	105	594	420	1284	1569.335	3916.665	300	3037	2240	5883.335	178
5.54997198695704	420	2027	480	702	936.165	204	270	1530.5	369	350	1650	3043.5	1328	4029.5	662	60	548	989	1881.5	270	85	687	262	648	1826	1641.665	150	1276	1195.335	2036	257
7.57667892441767	296	3669.67	300	3504	1144.5	255	380	2511	507	558	3706	6092.92	1817.83	14070.83	2325.25	1509.5	2548.5	3146.665	2759.25	255	0	839	586	1020	2476	14130.505	240	1142	1202	4796	435
3.80062988570492	60	240	240	120	120	165	2329	300	385	700	480	1160.5	290	1646.5	180	90	1961	610	444	115	135	659	342	180	642	1010	200	360	120	340	334
6.92244190063376	596	2973.835	480	2702	1526	200	384	3511.335	577	490	2672	4315.25	2378.915	8177.91	1861.665	1196	1123	2201.5	2383	764.5	30	856	412	1164	2533.5	866	1016	5313.835	4566.5	4282.5	170
9.55721898820265	517.75	4391.165	828	7522.745	1175.5	160	180	2548	873	708	2962.67	3704.415	4919.495	40131.995	1707.165	3722.585	4754.325	6193.915	4083.165	367	50	452	330	722.5	1759	2380.25	180	2295.25	1935.085	3090.165	200
5.3901966676129	420	8853.5	950	9118.995	955	110	375	7286.835	711.5	1098	7025.835	3702.915	3387.665	21571.4	1372	1461.665	1835.83	9495.83	2883.415	344	0	367	315	1586	3096	3500	90	4506.5	3694.5	10080.335	168
3.49272465772429	120	1249.5	180	1643.75	681.5	270	200	1081	386	562	1423	3565.335	996.665	7081.665	705	742	1168.75	994	1154.5	145	60	476.665	260	267	757	2748.5	145	814.165	434	2606.835	139
7.70719529045894	600	3751.5	950	5376.5	1030.25	245	220	2060	889	600	2156	7856.585	3814.665	16912.175	1412	1372.165	2080.75	3802	4081.245	115	105	676	324	420	1775.67	3113.33	180	2916	1700	2422	317
6.84846748196712	60	3675	408	5031.835	351.5	30	400	1878.5	520	1158	3080.165	4419.25	1653.5	17949.75	1602.165	497	873	3007.335	2258	30	55	570	408.75	660	1869	9402.755	173	2316	1700	4969.835	399
6.40228445929462	360	606	360	400	285	145	1160	710	452	1040	180	1079	1254.75	5788.415	240	300	1152.5	570	1477.915	270	189	140	270	590	1262	455	180	700	300	584	433
7.06544767950566	826	7255.5	1506	9378.335	868.5	369	700	8023	688	2058	5754.17	3758.835	3266.665	27429.33	1851.165	1899.25	4082.915	8561	3085.33	345	310	765	300	1737	3807	3302.745	2687.42	6488.165	3726	8373.335	405
7.3527679698928	195	869.5	148	922.5	332	138	330	397	335	450	281	1486.75	1326.165	10510.33	886.5	736	1566.665	943.335	1882.5	205	50	536	240	125	297	1591.75	90	386	403	197	299.665
6.90731818346981	240	1944	610.25	2229.415	1401.5	135	300	926.25	508	834	1267.335	5915.91	3150.75	12782.91	1951.25	1618	2909.25	2135.915	4173.165	30	0	228	175	612	1191.665	3198.25	210	877	981	1669.5	200
4.61617392221099	240	630	180	0	115	60	2958	60	255	544	580	2411.915	553	6255.33	0	90	1708.25	240	1374.665	145	188	517	116	480	240	876	120	0	420	390	295
8.66099825370341	290	5142	692	7574.995	701	275	170	4094	592	540	2424.5	1677	2236.335	26489.59	1521.5	3396.58	4381.585	8215.835	2131.75	60	80	547	268	770	1946	1612.5	115	2400	2194	3549.83	250
6.87145689167221	300	1252	229.335	896	965.5	190	410	1128	440	758	640	1115.5	614	3369.83	325	180	355	864	1113.165	518.665	30	369	90	643	538	230	170	2023	3305.5	486	195
5.55423783737618	60	1198	300	898	286	85	316	708	408	250	330	1271.665	1185	5829.5	210	90	380	994	1649.5	235	60	334	356	418	588	1656.25	115	700	600	502	255
2.07692086744817	470	662	464	260	290	425	1850	540	395	936	290	814	1212.75	6547.83	60	90	894.25	410	1332	275	174	550	138	944	650	115	196	420	1004	240	285
6.24618718860413	583.335	7960.835	516	11505.17	1104.25	220	0	28271.17	717	992	6319	6647.66	3565.915	12956.75	1786.665	617	1630	5879.835	3909.5	280	60	492	292	1948.5	4799.335	2060.5	255	6226.335	6063.665	14793.665	457
3.37151622193524	180	50	300	180	50	194	2337	180	265	508	230	360	285	1198.5	30	0	2198.25	170	290	320	188	490	205	240	412	295	400	60	0	120	432
7.05211532948897	592	11055.165	878	11169.67	1499	414	440	5721.005	370	650	6089.67	2831.335	2591.5	21975.085	635	90	851	7870.835	2849.41	734	25	401	179	2022	3612.335	86	145	7310.335	8839.005	11520.335	300
3.38577743636946	240	240	120	160	30	255	3398	298	330	1172	270	388	256	949.5	0	0	1857.165	240	320	145	165	300	231	180	522.5	270	349	0	60	100	267
5.1611637071435	240	170	420	120	90	222	3756	90	394	1208	60	764.5	851.5	5732.835	30	60	1503.915	360	1040	295	292	288	180	530	406	265	231	240	180	60	241
3.76901946474569	60	60	180	60	90	362.5	1987	120	416	240	60	306	229	1004.665	0	60	1403	346	415	139	100	300	355	180	938	672	255	120	180	180	295
9.05933258142757	592	9798.835	2005.335	16033.34	922.5	410	170	7581.835	778	866	9805.335	2353.665	1788.75	27497.93	1217	6465	9144.915	15634.335	2412	385	30	512	377.5	2416	5443.665	1934.245	80	7726.335	6941.83	10842.665	175
10.1167161123727	360	4739.835	240	6139.835	1027	50	150	1688	740	892	2811	2675.165	2035.915	17981	1038.5	2637.17	3431.83	2446	1387	392	55	620	340	1768	1918.67	3517.25	360	3591	3915.835	3574.835	266
3.19978066725632	420	356	240	60	70	175	2457	180	315	1108	240	1115	343.665	1762.415	60	0	2097.165	290	669	344.665	299	371.665	360	180	814	464	300	300	120	350	210
7.40468986750869	480	4567.665	1222	3931.5	950	85	160	3340	768	402	4202.835	4002	2390.165	12642.99	1705.165	3046.995	3929.5	4006.5	2808.415	150	30	510	110	1148	3812.5	4058	120	1860	1462	8225.835	276
9.55593515704638	60	2419	236	3084	455	164	270	1156	362	620	2247.5	2205.08	1198.5	10408.175	1070	1133	1818.25	1506	1700.5	140	50	719	383	360	1040	6617.915	105	1470	834	3773	218
5.66223799698562	60	667	150	303	1398.5	190	340	210	567	936	345	5825.995	2637.5	9030.165	1044	265	656	351	3472.585	145	85	1067.5	462.335	240	380	9670.92	350	180	330	507	377
9.18604050725027	180	722	207	1315.665	868	105	290	549	345	734.5	622	3843.33	3038.75	8995.24	1113	819.5	1223	785	2569.165	250	55	407	0	240	545.665	3367.42	175	526	266	637	230
7.34352001517623	300	6851.835	360	6367.5	692	449	1082	4304	439	2387.665	3682	5106.585	2039.25	20609.155	857.5	90	1283.915	5553.67	2652.75	175	190	727	289	614	2543	4439.91	267	2461.335	2860	6622.67	232
3.32868224283972	360	742	120	110	165	145	2094	300	514	1050	580	3541	1462	10455.415	150	60	1570	462	2569.915	265	25	866.5	325	240	410	2747.165	261.25	240	300	392	180
6.39863403526827	886	4382.5	720	4699.67	1472.5	318.665	220	2052	829	1066	3761	4806.25	4394.255	21282.895	1790	2591.335	3554.915	3586	4452.33	175	25	658	344	996	2242	4102.75	200	2476	2232	3782.5	542
8.16527975065063	360	1418.5	600	2092	1131	251	254	996	599	1584	1478	4048.335	2654.25	15158.745	1244.75	90	632	2265	2311.835	175	25	763	435	848	2120.335	2057.92	120	2126	2414.33	1936	210
4.73373796775273	360	566	180	120	205	85	2566	300	435	710	290	725	822.5	5283.83	30	0	1231.5	290	984	355	185	491	230	180	536	289	175	300	180	0	145
6.07042590109854	0	1944	458	1389	688	115	352	1346	700.165	360	1086	3285.165	1239.25	5954.665	733	30	150	952	1954.5	150	55	390	265	300	1076	3413.835	52	1225	1951	1254	404
5.02946620760141	470	230	416	110	30	225	3977.835	180	290	828	60	697	500.665	3540.665	0	0	1494.665	290	622	380	277	195	56	0	540	180	360	60	120	230	335
7.09963930264087	120	3203	300	2321	490	110	400	1585	679	620	2350	4442.585	1449.33	7266.825	2081.5	1024.5	1540.665	2503	2480	235	75	604.75	328	650	2320	4104.5	316	1025.335	2068.665	3802.665	240
7.15425240042793	120	1423	150	1249.335	656	175	170	829	521	404	965.5	2893.835	1603.665	6686.33	390	925.665	1129.5	1192.75	1355	30	80	455.5	300	240	498	2269.17	105	870	811	1124.25	224
6.45039379993547	650	3276	780	1348	616	140	1088	1455	323	570	1646	1740.67	1330.5	9793.575	174	120	1223	1444	2402.835	235	0	366	559	1342	1173.335	461.665	168	1112	2048.5	1850	167
8.44972344509929	816	6025.835	938	8271.335	1126.5	100	430	5023.5	774	832.5	4436.665	2090.165	1847.5	15933.42	905	1054	2011.585	6558.5	1688	455	105	657	463	2160	4540.5	1321.25	230	5392.165	5123.165	5853.165	292
8.5713726169177	900	3766.835	676	5583	1019	205	360	2780	693.5	580	2798.5	3767.67	2492.415	13298.09	1119.5	2197.75	2756.085	3707.835	2226.245	285.75	105	490	300	2132	2083.5	971	418.5	2732.5	2192.5	2842	90
6.24619881550839	420	4364.335	942	5570.665	858	295	280	2797.335	449.165	658	2833.5	3507.165	2331.665	11805.165	910.25	719	764	2491.5	2039.25	286	100	451	265	1548	2100	2852.585	100	3216.5	2937.335	3666	270
5.86304151314499	838	5976.665	1078	9877.835	960	25	300	4144.835	491	588	4348.165	2523.67	1717	21312.34	1129	1107.75	1407.25	14825.01	1738.5	407	135	518.665	546	2648.5	2609	461.75	230	5386	6944.5	7510.67	225
5.56834259536233	596	3180	600	2703	513	165	890	1861.335	701	640	1964	1096.5	3082	15907.745	388	90	1533	1964	2769.495	367	230	749	354	936	1666	567.5	370	2102	2581	1418	199
8.07295710900711	360	4683	1110	5188.335	1510.165	220	730	2924	660.165	540	3444	4743.415	3438.165	16152.165	1280.5	790	1006.5	3492	3920.5	210	25	375	385	992	1435.335	3185.67	109.5	2504	1598	4717	290
7.52957830128805	582	5949.165	1118	5748.5	2014.915	140	220	3568	961	1246	3580	8916.165	4091.83	17308.905	2345	961.5	1271.5	3723.5	4624.75	235	0	964	290	942	2462	4147	172	3776.17	3570	5209.5	325
7.15855290707816	120	1748.25	180	2111.75	426	115	230	1219.665	339	1090.665	1098	3021.665	1488.25	12783.5	618	843	1239.25	1692	2007.915	116	25	505	437	359	444	5251.415	150	923.5	599	1607.5	145
6.57399157098335	480	290	288	290	145	254	1936	634.5	295	788.335	270	762	920	5798.085	60	30	1434	560	1612	315	265	210	295	240	720	605	210	350	420	516	368
7.98354578729475	240	1037	389	1336	942	136	100	699	702	2146	910	5420.995	2056.75	10569.835	2213.335	1014.5	1200.75	1128	2656.08	150	85	740	568	502	1033	3118.08	150	1026.665	1120	1069	530
7.23071520557072	650	6650.165	876	7379.335	1392	170	290	3987.165	549	678	4072.5	2777	2636	13452.26	946	1584.165	2220.835	5237.5	3171.335	120	75	342.5	559	2218	1814	1948.495	110	4185	4168.335	4872.165	235
9.43588503830514	240	2180.5	461	1906	682.25	254	170	1199.5	464.75	972	1493.165	1760.665	2244	17310.245	968	2105.75	3169.5	1501	2353.25	222	30	448	180	379	724	3171.415	60	813	413	2121.585	260
6.98248095317581	776	2090	590	3777	265	180	160	2809.5	402	570	1960	2129.915	2158.665	14174.325	730	2807.585	4111.165	2375.335	1892.25	165.665	105	583.335	210	1269.335	1367.835	2269.335	110	2050	1036	2180	175
7.30879728625265	822	13101.665	1202	17418.665	961	110	50	10817.505	573	854	9128.335	1516	3725.75	35847.825	650	1322.585	1624.5	11925.33	3391.165	314	50	330	388	3231.335	3080	797	177	5074	5205	11445.17	175
6.95039082801783	600	3232.835	540	3647.335	1340.165	55	230	1938	235	842	2700.335	2681.915	1239.5	11605.08	1767	293	663	2522.835	1548	260	30	602	203	905.5	2382	2183.415	145	1357.335	2569	2871.5	245
7.104608241622	650	6001.665	1410	10055.165	1549.5	355	302	5515	908	470	4530.665	3219.585	2334.665	32514.58	2328.25	2111.33	1943.25	9474	3033.335	272	170	846	292	2050	3061	1435.165	225	5989.835	5793.17	4173.5	145
6.5006145177511	534	2230.335	720	2455.665	1108	200	410	1440	450	732	1142	3725.08	3127.915	18783.16	1452	2665.415	4016.5	2210	3468.995	175	140	485	270	540	956	6937.66	145	1336	1504	1046	250
2.96573429989079	420	170	300	0	290	434	1878	180	472	1030	180	829.75	400	1536.5	50	60	1431.665	220	676	422	338	613	30	460	600	413	308.75	180	240	60	90
7.14169236990551	300	2960.665	180	3126.5	459.25	279	230	1264	788	894	2079.5	4896.915	1005	9523.675	1599	1678.665	2760.335	1955.5	1898.5	235	55	949	768.665	540	1732.335	24708.42	195	1058	1518	3982.165	520
9.44230490379617	90	367	120	145	270	217	534	294	275	350	240	818.5	440	2892.585	240	60	290	373.165	705	150	80	234	175	60	175	270	60	172	90	271	150
5.01837857073403	240	400	60	120	685	217	280	472	390	638	290	350	60	489	60	30	379	120	235	180	190	573	170	588	1036	275	90	360	300	240	371
6.94931652019221	120	1356	180	1219	360.5	115	120	60	395	404	1000	4552.5	1524	5468.505	667	289	558	732	2515.25	30	85	653.5	530	238	1362	11053.66	175	229.335	420	964	360
8.00174356005275	480	3375.335	1224	5029	814	160	220	2764	548	930	2211	2132.585	1720.415	12866.59	1006.665	3038.415	4968.75	3996.335	1898.33	174	100	569	90	1420	1920	2504.75	120	1892	1684	3067	225
5.91617241257219	120	1048	240	970	511	240	1226	480	480	580	400	2041.335	980.165	2526.5	450	170	1373	910	1109.25	30	80	548	475	300	958	966	30	474	768	1014	410
4.93952589863754	480	120	300	0	120	251	3683	420	509	920	120	949	534	2793.75	60	0	2806	120	812	260	471	432	288	240	240	353	762	60	240	110	371
4.91465288839872	60	0	60	60	205	246	1560	200	320	2134.665	60	234	143	1254.165	60	60	6423.665	60	259	490	1216	510	385	300	600	120	12310.01	180	120	0	520
3.67933669144357	180	1911.335	686	640	913	190	280	2338.5	245	586	1274	1460.165	965.25	7819.84	837	411	483	962	1417	120	75	659	247	896	770	845	85	810.5	580	1100	80
5.04098148852856	240	210	480	0	180	160	1487.335	180	500	798	210	841.5	355	3363.745	60	30	1382.75	220	694	193	105	394	295	180	300	385	210	60	120	60	475
6.15511177733502	992	7769.835	1636	6270.17	2223.5	270	340	4979.5	649	834.335	6569.835	8227.505	3457.92	7911.92	2723.415	1710.83	1774.75	4976.17	4435.5	240	25	694	400	2430	3853.17	1759	30	6828.835	6374.835	7564.5	360
7.71609324934161	600	3249.665	637	2077	757	510	520	900	563	618	1766	1948	2622.665	11892.08	1061.5	1365.165	1113	2827	2041.5	120	173	554	468	1102	1749.335	1208.25	205	1798	3430.335	2587	196
8.54774567455064	616	5968.67	1118	5148	1203	85	290	5068	396	868	4036	1981.75	1764.415	12469.245	609	264.665	1156	4245.335	1987.25	265	25	402	140	1316	3500.335	813.165	178.75	3529	4005.5	9001.67	260
4.56749324061191	86	30	30	0	135	508	600	60	240	580	30	210	85	205	0	60	325	55	240	115	105	490.5	180	0	210	115	316.25	0	30	0	271
8.53369331261383	394	3040	420	5099.165	869.75	190	110	6301.5	850	230	2982.5	3378.25	2747.25	15196.59	1425.75	1800.085	2421.665	4509.835	2315.665	150	25	557.165	431	704	2115.335	3088.75	115	1589	1165.335	3705.67	246
7.22673977830921	600	4169	360	2957	1631.835	255	318	2863	342	700	3261	4045.085	1713.585	5230.75	1115	415	620	2298.835	1993.5	175	25	529.165	346	1466	2692	768.165	145	2747	2177	4169	434
5.6500572782221	420	2810	360	1631	839	170	488	936	536.165	782	1604	2191.165	1131	6694.83	849	444	1090.335	1028	1227.415	265	25	576	296	814	1424	1428	372.5	1699.335	1817.335	2258.5	340
4.2842160188834	170	796	240	220	110	195	660	420	135	532	470	1311.165	1021.75	2830.915	240	90	887	426	1226	262	55	508	170	300	1014	742	205	300	300	540	263
2.56628961276417	120	0	120	0	490	246	400	120	336	400	160	0	90	361	120	30	326	180	180	673	491	220	292	360	164	30	110	60	300	0	199
6.87894213866563	120	2415.5	60	2259	848	90	120	890	729	586	2143	4864.085	1373	6597.085	2124.75	1116	2102.25	2530	2186.915	85	30	491.25	473	360	2014.5	9204.255	445	824	1058	3299.67	429
5.85979570457393	530	2410.335	300	3624.5	1139	255	380	920	547	576	1218	3465.915	3108.5	15453.165	270	0	916	2298.67	3022.25	231	75	618	345	812	1580	528	240	2819.5	2891	1177.335	337
8.10463549022983	360	3841.5	1034	3880.335	1180.5	275	110	1935.335	482	810	1499.335	2210.665	2189.665	17009.505	1198	2051.83	2222	2720	2202.5	210	75	544	180	1020	1706	1597.165	176	2471.665	2018.5	3257.335	260
8.43823872472696	360	5655.835	240	4875.835	913.665	275	60	5962.5	350	280	4741.835	3237.415	1494.5	7154.085	759	1275.915	2227.5	4002.335	1843.335	318	105	449	290	1578.5	1958	1794.835	321.25	3306.5	2242	5717.5	413
4.52455539804117	180	2408	540	1608	1364	143	382	824	525	470	1220	3546.83	1975.33	8636	417	240	676	1136	2953.58	210	100	510	220	880	966	2321.415	245	1102	1329.835	1458	280
5.09638415222202	360	280	536	120	90	305	3006	360	472	540	110	326	585	4411.835	60	60	556	510	752	205	140	270	436	180	360	140	180	200	300	60	335
3.50185837182835	480	340	416	60	30	235	3040.5	120	487	822	110	1353.665	1021.585	3500.415	60	30	898.25	580	882.5	150	80	524.25	330	234	180	461.5	300	120	170	160	606
7.1092992294098	240	1756	120	1767	573	150	290	774	512.665	604	954	1975.75	759	10165.925	689.5	414	730	1198.5	1272.5	145	30	634.5	413	420	1409.335	2323.415	90	1512	2138	926.335	314
5.25446996676776	360	3256.5	1276	5309.835	987.165	249	446	2979.5	436	470	2553.335	1912.83	2736.5	9933	448	355	820	3898.335	2135.5	235	0	440	225.665	1112	1218	240	235	2945	2372.67	2714	340
6.91045513109923	583	3982	470	2902.835	708.75	276	50	1491	168	400	2585	1685.915	1279.75	11040.575	1493.75	1197.5	1387	3066	2113.5	120	75	320	148	1010	1812	1428	240	1425.5	1008	4667.5	145
4.93825454737822	240	2782	360	638	615	195	872	1601.835	531	760	1408	2952.165	1690.165	7942.425	175	90	885	750	2757.25	110	60	529	261	180	1276	1723.5	260	1240	1526	2828	170
3.21819979641245	300	398	292	180	140	370	3016.5	360	288	618	60	344	338	1443.75	30	0	2329.25	552	338	545	733	315	240	360	480	115	1229.5	120	60	280	492
9.20941144065305	480	4961.335	1010	7714.67	1183.335	444	376.67	3597.33	493	974	3498.5	2050.25	2499.915	24351.675	851	1274.165	1981.665	7409.665	2122.585	340	25	566	431	1148	3034	1477.415	195	4623.165	4734.5	5260	314
10.2034643590444	200	4147.335	600	5381.335	686	140	220	2509.5	877	1106	3432.5	5064.245	1982.5	28249.595	2239.75	3639.25	6921.665	4475	3354.08	282.5	50	695	688.25	928	2258.5	10992.25	170	1790.5	1707.335	4701	205
7.23385245170673	360	7183.165	818	9374.675	1013.665	85	160	4694.665	539	802	4578	2626.915	2021.5	25279.765	638	907.165	1427	7014.835	2202.42	500	110	654	445	2481	2820.5	1413.665	150	5343.835	5180.17	6029.67	115
4.37005526289266	300	3152.165	360	1668	822	190	320	1817	557	460	1841.5	2170	1931	15925.085	609.665	502	626.165	2147	2977.335	260	85	541	265	940	1104.67	976.665	210	1122	1538	2564	300
8.78672249480694	350	2003.5	240	2057.335	643	105	160	1718.5	255	724	1413.5	2072.085	798	10839.345	1030	3213.835	5091.585	2250	1568	303	0	526	330	360	1012	3602.915	120	866	690	1852	175
3.07595419593684	472	170	300	0	120	319	1568	420	428.165	1160	300	931	552	1453.75	60	30	1416	230	553	302	165	496	185	120	720	455	145	180	120	120	235
3.75299327570442	60	662	240	220	55	140	2475	180	290	450	170	2383.165	879	4901.25	360	112	1722.25	250	1112	245	738.75	712	439	60	861.335	2704.585	335	0	180	280	410
7.96096565686183	240	947.5	180	807	759.5	60	240	696.5	344	470	464	2584.665	906.75	3207.415	871.665	1186.665	1152	460	1444.67	0	0	289	180	406	944	1580.915	30	946.5	646	742	170
5.87438001743948	588	350	420	240	30	80	2370	530	399.165	948	300	893.25	620.5	5222.17	30	30	1638.5	350	887.33	222	210.25	616	305	176	720	614	315	60	180	60	135
7.36606486110975	280	1966.5	180	1706	488	225	110	622	370	1957.335	1936	1829.915	849.415	5841.505	672.665	378.25	797	1828.835	1846	426	140	540	433	480	1980.5	5092.42	145	878	1166	2318	200
9.0048322728984	654	7146.835	1076	9304.335	603	85	110	6465.5	369.165	506	6084.17	1936.5	2484	15435.245	531.665	967	1490	9198.5	2267.415	205	110	455	306	1708	3134.335	1527	75	3906.335	3052	7362	392
6.058627745764	300	6561.335	290	6287.835	691	85	240	3359	400	556	4037.83	2032.25	1998	13707.995	1264.75	1407	2224	4434	2652.75	110	25	231	240	360	2443.335	3870.415	285	3123	1985	6432.5	215
2.72571983623289	814	60	300	110	170	170	3631.5	60	459	1034	60	369	230	997.5	0	0	1936.165	60	315	1165.5	749	450	255	180	712	322	284	120	286.5	110	355
3.69022105376653	360	300	240	120	50	60	1754	120	373	754	502	698	1196	9158.585	30	90	1606.25	290	1208	230	398.5	235	282	120	480	265	203	180	240	0	85
5.22623526401094	174	2060.5	180	1921	1177	195	390	1152	348	466.665	1170	3520.5	1382.165	2563.335	660	150	475	724	1781.165	120	0	1093.25	450	540	1456	1912	111	2145	1465.5	2215.835	350
8.63268649652817	360	6535	1558.665	8272	1025	139	200	4316	729	1344	4809	2005.58	2989.415	31458.835	893	2032.165	4255.58	7056.165	2368.665	289	60	483	90	1632	2536.5	1380.75	110	4140	2627.835	7106	115
8.67320242876926	594	3447.335	994	4048	1301.415	130	450	2201	889	1064	2133	7063.42	3843.5	9438.345	1515.75	2368.08	3336.415	1880.5	4135.415	223	55	685	464	1056	1670	4579.915	150	2018	1490	2835	240
7.66744132241145	420	4865.83	1270	5962.5	1048	250	150	2052.335	946	1202	3430.335	5372.745	3036.5	19109.165	2251.665	3671.5	6671.495	4356	2505	120	50	776	519	1272	1851.335	6900.75	231	1394	1283.335	3955.335	310
3.86026960520814	360	1664	120	1884	387.5	60	230	758	366	442	1282.5	2436.25	1544.5	9882.67	1668.665	1951.165	3261.915	678	2165	240	113	419	274	540	828	4837.835	177.5	600	590	1076	245
8.53147669475999	240	2510	180	2188	501	145	170	1010	436	626	2080	2003.085	1521	8358.58	1053	509.165	1332.5	1492	2590.25	120	85	530	236	480	1672	1908.665	180	898	120	4139	320
3.21279135194782	350	280	540	110	170	355	3144.5	180	339	916	180	355	266	2508.5	120	30	340	230	907	240	376	276	174	300	540	110	205	360	180	120	225
4.61798275336507	300	218	170	280	200	150	1748	120	225	986	240	1103	566	3960.585	30	60	775	120	735.5	120	50	396	150	480	540	305	210	60	420	50	265
5.95540074566112	120	1308	60	120	345	55	1172	646	369	1890	570	3116.83	1049	1831	600	141	836	130	1331	120	160	521	210	360	530	5034.08	180	300	360	718	318
5.33816288447016	300	280	240	60	240	300	350	360	205	812	360	270	260	400	120	60	503	230	286	110	50	465	210	540	1626.67	435	180	240	180	960	580
8.11514573647258	600	6673.5	1210	7446	1049	326	560	4725.5	536	950	4259	2949.915	2354.08	22972.825	1237	1256	2516.665	5542.5	2033.5	320	25	684	410	1236	1952	2037.335	235	4005.5	3104.33	4839.83	345
6.14363397984648	1514	8058	1666	10225.005	1870.33	145	490	6082.335	525	410	5545.835	2509	2879.665	24932.67	1234	612	740.25	6968.17	2812.75	320	110	732	234	1812	2854	1230	135	6608.835	4966.67	6051.5	260
7.79427934701302	878	11056.5	1230	12335.16	1292	215	328	7795.505	457	1240	8837.665	2388.915	3113.915	15765.33	1204.75	540	1391.085	9550.33	1928.665	350	135	546.665	481	3409.835	5347.335	294	478	9347.67	7648.5	13265.665	345
6.5257705856347	660	5155.5	420	5719.5	657	316	590	2407	532	590	2522	2486.585	2440.085	11486.075	1340.5	903	1680	4695.5	2671.5	405	0	534	415	300	1917	1503	235	2308	2431.665	2605	425
5.55967728067068	120	1734	180	350	558	195	590	290	459	460	1050	4668.745	1399.33	3093.915	300	60	433	280	1903	110	25	406	230	60	888	3743.415	90	720	594	560	120
8.98790344594351	540	7717.5	600	6803	804	115	170	9992.165	551	710	5411.165	2907.165	2217.5	11697.25	753	3004.415	4122.665	7145.665	2407	580	80	732	200	1518	3521	2770.165	210	5762.835	3923	10094.995	200
4.37637255545093	286	3281.835	582	3285.5	961.5	85	266	2181	603.665	1238	1491.665	3404.92	1377	11374.33	1003.25	266	697	2450.5	1895.83	405	80	497	447	592	1514	779.665	290	1748.5	2526	3427.5	205
7.86457356203236	600	2280	402.5	1746	1395.665	410	120	892	540	1046	1006	4740.25	1983.5	10427.575	857	120	571	1460	2598	175	60	897	270	820	1834	3736.915	30	1302	1522.665	1460	207
6.60419108400225	210	1570	329	2280	884	225	150	715	549.165	170	1159.165	3418.335	3149.415	22517	1296	1963.25	2909	1763.58	2875.165	246	75	526	270	456	812	2914.665	180	810.25	725	1769.165	200
5.32427644512438	474	3116.5	530	1783.335	702	275	380	6264.835	319	480	1756	1281.165	2409	10862.08	60	60	365	1953.835	2151.75	255	110	423	310	1731	1392	110	60	2328.5	2436	2117.335	230
6.7420979002891	420	1514	460	1627	649	180	160	830	488	560	908	2496.915	1040.665	8240.67	987	430.665	746	1254	1745.335	194	80	495	240	300	764	3379.665	175	1198	476	690	354
7.06654930463134	432	3476.835	1063.335	3542	1264.25	265	360	12263.17	1098	700	1946	4654.25	2792	7545.75	1839.665	719.665	784	2527	2713	240	55	1073	450	928	1422.5	3485.33	235	2146	936	3485.335	442
8.18501153706848	0	60	60	0	101.25	0	60	0	30	0	0	30	0	78	0	0	90	0	0	0	0	0	0	60	60	84	0	120	0	60	55
6.74796204316869	240	1640	240	1170	843	107	500	660	400	600	888	1814	1515.665	14876.5	472	167	1231.5	1080	2957.665	180	55	751	265	740	540	8609.33	85	808	120	1266	199
6.75083535165935	300	742	120	360	469	195	424	476	225	712	864	2327.75	593	4780.495	470	180	899	436	1046.5	60	50	393	420	360	866	1223.75	185	300	300	1146	175
2.61614468551208	528	50	590	110	30	55	2918.5	180	345	802	170	980	1072.5	4746.665	60	0	1505	300	1057	292	275	281	145	240	520	197	235	120	240	60	380
8.81400124513742	360	2593.5	418	2664.5	910	170	210	2505.835	593	1094	1842	3750.835	1649.25	13530	1418.5	1841.5	3358.085	2727	1678.835	320	55	717	210	1466	1939	5364.915	145	2341.5	2184	2615.335	373
7.4934814892715	824	5368.335	594	7834.835	473	120	290	4186.335	325	540	3776.835	1482.995	1878.5	8953.005	1177.5	828.5	844.5	7081.495	1453	353	85	484.665	414	1737	2310	852	175	7220.5	5627.835	3544.665	235
10.1044284387662	266	3400.08	235	4432.165	463	145	290	2531.665	295	830	2317.745	715	865	20393.07	470	1423.25	2522.25	3741	948.165	365	140	190	60	508	1147.75	2521.165	90	2561.835	1747.5	4112.835	230
7.04960547422136	470	9585	1558.335	14482.835	1280.165	145	60	6199.5	832	808.335	4659.5	1958.165	2278.835	24617.655	995	688	1054.5	12761.665	2079.415	135	0	617	671	1496	4265.33	2349.08	210	5164.835	5509.335	6153.165	315
8.52565726982837	412	1900	180	2143.335	917.33	105	120	770	539	1756.5	1422	3580.495	1413.165	6595.835	1932.5	1535.665	1834.665	1002	1534.335	165	55	934.5	600	420	1386	3324.5	80	1052	978	1872	290
4.69679129681002	60	120	60	60	60	480	1306	300	290	1120	60	258	325	897.5	30	30	1128	300	150	230	100	475	231	120	402	200	275	0	0	210	223
8.49385803206918	664	2594	360	2670.5	1492	160	290	843.335	549	712	1926	7375.5	1767.165	8891	1439.665	270	435	1772	2369.25	205	30	1068.5	557	1492	2046.5	3202.25	90	1336	1846.5	2108	647
7.4603447256088	176	410	120	570	75	195	1284	250	111	730	420	1365.665	990	13962.175	378	649	1727	820	1397	115	215	534	175	180	810	1786.25	115	180	180	240	217
5.06692961249102	420	610	714	350	339	395	1264	880	345	952	340	858.25	792	5110.42	0	90	995	550	998.5	560	190	467	338	300	988	120	145	420	920	220	411
8.81976363005632	240	2044.5	300	2573	120	165	170	3010.75	429.165	888	1567.5	1190.915	1473.5	12500.83	0	0	3075.25	1772.5	1083	175	50	300	150	297	576	2671.835	160	1297.5	734	2290.33	200
7.87203585485496	120	8192.83	1396	8503.335	1031.665	275	180	6345.335	774	614	3897	5120.5	2413.915	21394.5	988	1075	2033	7113	3340	235	50	849	457	1522	1996.5	1877.915	180	3711.5	3158	5574.165	120
5.74082935238144	540	5243.5	864	4451.835	840	164	546	1714	629	820	2282	2314	2101	18434.505	575	704.165	1039	2984	3165.08	234	160	460	323.75	1778	1922	1071.75	120	1796	2422.5	2997	285
3.57402540603243	120	748	300	120	233	97	2266	480	420	1380	480	1322.5	565	1737.915	120	60	1326.75	360	535	60	80	429	318.5	120	952	1824.5	450	300	300	342	425
7.23331244811283	708	5127.5	1106	2887	1527	271	120	3860	713	670	4124	5136.505	2807.33	18003.245	2119.33	564	893	2787	3607.17	235	80	697	330	780	2154	2222.5	197	2891.335	2130	5414	210
8.47293822766106	468	2893.5	634	2303.5	830.835	90	0	863.335	611.665	688	2044	3054.835	1353.75	12036.75	1311.75	654	1360	2614	2127	205	105	812	412.335	1292	2450	1644.5	342	958	1690	3044.835	315
3.81839560894942	120	1255.5	300	1127.75	590.5	358	882	240	603.165	666	538	3075.08	2441.915	13388.005	849.665	250	564	911	2977.75	229	105	798	388	210	696	1107	180	679	600	861	397
4.52797051638245	236	60	0	50	80	110	2229	240	266	458	346	587	326	1650.915	30	30	1370	360	678	171.25	55	199.5	150	120	774	568	345	0	120	120	280
6.11296400165002	288	1374	120	742	230	215	620	1478	394.165	1136	1022	1118.165	665	7146.005	356	195	547	1004	1342	220	130	518	340	780	1222	421	30	1094	1134	754	320
3.90053325026918	300	2143.5	340	1549.5	774	398.5	230	1160	366	862	600	1354.5	1971.25	18348.585	373.25	235	574	954	2094.335	210	55	632	337	810	600	189	80	1552.335	2821.5	1343.5	142
7.93056046047616	90	947.5	60	931	613	80	210	599.25	283	540	664	2282.835	900	4017.835	409	180	448	428	1322.25	150	55	428.25	120	360	388	907	115	442.25	597	524	140
9.94545449135743	416	6320.665	360	5564.67	1287	115	230	3699.5	475	926	4859	2213.25	2586.835	16400.83	569	1137.33	1460	3595	2210.5	235	50	842.165	349	980	2175	3065.42	205	2036	2415	6679.5	255
2.87063662832196	540	340	360	280	409	170	1700	540	450	700	290	876	1148.5	5191	30	90	946	852	2156.25	473	658	494	353.25	808	1002	445	210	532	1160	350	401
4.65218830482171	660	240	660	60	85	160	3018	120	336	1072	60	557	526	3481.75	0	0	1145	354	630	299	338	360	240	180	652	258	260	120	360	120	290
4.55616007263161	180	170	240	160	120	265	2098	180	198	690	110	605	355	3855.41	90	60	855.25	120	891	210	110	464.5	204	180	846	380	195	180	0	110	115
10.0006528287664	540	7766	927	8572.17	531	190	210	4644.5	694	1118	7983.665	914.665	1752.75	25630.505	1343	3159.165	6727.34	10822.835	2212.25	199	80	635	344	1104	4003.5	2952.75	110	4905.33	2683.335	12767.665	275
4.85297200783958	236	290	0	120	80	275	1664	0	330	456	270	1322	440	2834.75	60	60	1859.835	520	702	192	220	616	385	120	584	1277	330	180	180	290	347
4.44773244301658	360	1462	300	549	926	205	350	590	809	760	890	8434.75	1892.165	2672	1045	500	748	230	3470.245	190	0	729	731	534	1573	10347.665	210	480	540	800	361
4.83315798496518	300	60	174	160	120	335	1662	0	265	350	230	593	325	1302	90	30	2303.915	120	320	150	373	417.5	170	60	956	283	427.75	60	0	0	204
5.31227451087722	290	1592	474	1386	899	423.25	210	714	516	170	1438	2183.25	1666.92	8081.425	710	842	1247.665	1625.335	2492.915	200	190	457	491	360	1728	1087.165	90	1013	1269	1665	180
6.73807014523378	532	4528.5	660	4049	1062.585	210	430	2006	947	1132	1744	2193.415	1603.915	10994.84	670	353	1081	3125.835	1958.75	515	75	550.665	286.665	1944	2224	1215.665	85	3432	4729	2719	90
8.42222735231985	526	7749.835	710	9720.84	1012.335	170	150	5447	629	612	5628.165	2891.415	1335.5	18207.83	1219.665	1715.25	2989.665	11685.665	1735.25	170	0	593	490	1362	3080	2864.995	81	4561.665	2667.335	6964.835	255
3.47492790163738	420	60	60	60	195	512	1549	180	389	620	60	334	197	577	0	0	996	280	170	257	165	386	210	60	720	349.165	185	60	60	60	363
6.0136552520481	956	1330	924	1128	1062	135	410	720	588.5	950	736	2661.165	1459.5	5948.415	633.665	210	748	1272	2491.25	240	0	522	290	600	996	1641.665	180	1352	2151.335	1504	281
5.62056878640029	290	910	120	160	120	165	2801	540	275	690	270	2076.665	1325	6115.165	173	30	2396.665	330	1511.5	145	215	504	300	180	1116	1004.25	170	240	300	350	373
5.72934950158287	60	4167.335	240	2626	440	125	769	7826.835	431	590	2052	2930.5	2511.085	10655.665	528	60	978	1738	3238.165	90	25	470	206	420	1575	1495.415	145	2619	1138	3779	355
3.93204913715711	360	862	526	230	145	287	3334	390	759	390	230	2083.5	1738.5	9335.92	0	60	2972.5	480	1674	325	513	906	255	300	410	921.5	200	480	240	230	290
7.87339030718042	390	1660	360	1190	875	140	230	814	562	580	1190	3168.915	1653.58	7234.75	1033.25	875	1331.75	958	2727.415	265	25	505	415	1176	1282	3633.83	180	894	1088	1534	255
3.85220930472629	660	714	412	110	85	336	3918.5	348	490	1610	168	1578	689	4275.5	90	0	2846.25	562	1227.25	340	574	485	475	120	720	787.5	235	180	288	60	476
10.4529317851501	648	2985.33	1186	4671.5	636.75	110	390	1440	451	700	2202	1226	2131.5	17211.085	926.75	2814.08	5449.915	3458	2054.5	120	125	235	60	1042	1388	1868	60	1282	1130	2552	330
4.74250178616835	0	50	60	60	85	315	2670	60	395	860	270	635	265	1102.83	60	60	2009.5	280	475	85	100	354	420	180	590	928.5	300	120	60	220	229
7.10525276331276	120	6379	410	6730.165	770.165	139	280	5077.5	605	748	3806	5922.415	1587	11864.335	1840	3865	5583.83	6774.5	2336.835	260	80	277	235	988	1804	6530.005	85	1498	1534	6583	320
5.75201692889191	480	60	896	180	25	215	2074	720	233	760	120	202	535.665	2494.25	30	60	585.5	400	699	404	340	230	349	240	360	115	164	120	414	60	317
6.06059640893533	1156	8672.005	1780	11750.99	940	310	340	7456.67	703	780	8269.835	1582.5	1662	23910.08	1188	2577.165	4380.335	15908.335	1990.165	733	243	427	402.75	2307.335	4480	966.335	55	8468.83	5682.165	9841.83	376
5.73273429660597	450	1350.335	652	1526.67	257	420	2270	1719.335	424	3359	860	558	1287.25	21681.085	499.5	150	3967.665	1168	893.5	520.25	2205	568	225	480	1272	116	4493	1937	2195.665	1946.5	290
9.52713818736818	120	1778	420	2263	449	70	110	1118	379	1168	744	3306.665	1100.5	10482.585	843.5	354	834	1286	1564	115	25	464	392	534	1404	4650.505	90	700	1038	1016	277
7.68157189385837	240	892	60	764	216	0	60	360	90	60	180	887.5	558.5	4316.42	90	175	587	1197.335	764	30	0	120	90	454	540	520	87	524	402	280	30
3.9336230360346	180	1178	60	864	257.5	250	580	948	511	620	572	645.25	660.5	3575.165	150	60	433	350	899.5	150	85	425	230	580	360	115	120	790	1116	622	85
2.93448699041716	120	110	180	110	325	302	2250.5	120	305	930	60	150	150	695	0	30	1090	140	240	544	501.665	508	351	360	936.665	110	366	60	120	60	410
6.63846045356333	240	2104.5	0	522	285	155	450	1010	465	300	730	3181.75	1310.665	3865.75	180	60	908	628	2061.165	85	30	869.165	469	120	1317.335	6457.25	360	440	466	1196.335	202
3.8804962179734	600	360	300	230	371	474	1824	234	572	1194	0	145	264	479	30	30	556	342	120	399	135	359	286	240	360	60	150	360	300	0	458.5
7.98083948114872	590	4967	540	5268.335	1040.25	264	400	2517.835	798	1100	3433	4531.745	3341.91	20055.99	1822	1739	2314.335	4080.665	3593	202	255	459	193.5	1010	2428.5	2098	285	4136.665	2234	4131.835	395
4.21609232056087	350	678	360	290	260	305	780	360	167	900	300	774.5	2592.755	8939.34	90	30	719	782	1920.915	205	85	551	268	480	478	115	85	588	590	390	244
7.05349497113079	704	3964.5	180	4438.335	997.75	181	260	2522.335	461	120	1920	1847.25	1096.5	9308.995	120	90	409	2300.665	1303.75	568	25	355	225	1686	2404	1034.5	85	2437	3430.5	3011.335	345
6.54063742575054	120	1488	240	2074	767.5	225	0	1034	455	540	920	4031.415	1157.5	6267.49	1103.665	737	1325.5	2482	1594	115	130	423	294	478	2656	4770	110	919	1056	1691	230
7.28371948317262	240	3860.5	480	4606.665	825	186	390	2345	486.5	818	2504	1479.25	2272.25	17212.09	385	328	1260.835	3659	1543.75	597	110	481	350	1106	1839.335	509	230	3660	4724.5	3947.67	223
5.28957198694944	90	1177.665	170	771.75	597	190	1200	854.25	593	566	488	1578.25	2729.5	15895.91	180	150	803.665	865	2977.915	354	85	898	472	320	261	458	90	907	618.665	751	165
7.22342003360975	830	5313	1493	6420.665	800	110	460	3256	609	850	4278	1912.75	2363.665	29661.01	1362.5	3125.835	5218.33	4865.165	2253.75	120	0	448	265	946	1556	3791.75	165	2335.335	1270	4261.335	260
4.82481121061074	420	1294	346	300	173	255	1710.5	770	511	1148	806	1533.75	567	3735.25	298	150	1835.83	684	1286	150	110	635	385	420	1300	1539.665	175	532	712	984	392
4.20652899192782	160	1342	60	657.335	577	155	340	470	200	776	906	3219.915	710	3447.415	725	240	1218	520	1414.75	145	50	462.5	476	300	590	4564.745	170	480	300	998	283
4.68647686374555	360	1798	240	1118	1232.915	225	0	892	510	680	1540	6373.25	1204.5	5363.665	763.665	180	550	672	1489	120	25	852	525	810	2592	6976.085	90	1008	930	2738.835	245
6.84779771588256	240	3699.165	466	3439.5	1667.5	285	210	2158.67	585	770	1980	3912.585	1950.915	8300.415	1346.335	311	650.75	1788	2133	60	50	569	231	660	3070	901.5	30	2440.665	3163.335	3920	195
4.72842047118391	480	652	240	732.335	225	186	2424	660	499	926	754	1136	468	1213.665	120	60	1084	840	495	235	30	713	325	296	1102	572	295	1026	985.335	1130	472
8.07199924107908	180	1586	0	700	442	185	240	410	528	636	1076	4458.33	821	2653.415	1270.5	551	1175	788	1856.915	120	0	852	470	600	1748	11633.17	340	60	470	1852	375
4.41266549664476	120	480	470	60	55	140	3986	120	235	1224	226	1075	662.5	2031.25	90	30	1631	110	911	145	207	740	416	60	420	1067.5	235	120	120	290	225
7.60768192693284	120	1448	120	1647.335	1391	200	410	1006	896	924	860	10629.165	1987.5	6726.325	1235	1873.335	1592	1234	2746.17	230	25	1421.335	582	700	1124	2747.5	228	960	1753.5	1046	170
7.28505408154173	300	3580.005	470	2915	627.665	348	160	2704	375	420	2873.335	1823.75	1443.75	9709.5	647	1558.415	2112.75	4656.5	1846.75	180	30	378	300	1170	1499	851	115	2280	3287.5	3421	150
6.39666712075699	480	2811.335	360	4956.165	1428.665	250	396	1919.335	669	740	3134.335	6505.835	2238.25	14386.575	2185.5	1225	1601.335	3506.5	3286.665	85	25	716	445	892	1919	3284.415	180	2909.5	2360	3191.335	136
8.18282194616615	708	5406.835	1250	6815.165	850	135	420	3769	364	1533.5	3502.335	3199.335	2449	28983.83	1000	3671.75	5936.5	4684.665	2244.08	319	140	695	560	1344	1691	329.25	201	3428.5	2071	3636.5	285
7.00193299961474	180	1748.335	380	2154.335	994	85	270	1048	523	862	934	2783.165	1596.165	9748.24	1364.25	90	601	1690	2111.25	220	80	496	470	780	1560	804	120	878.5	993	1800	265
8.67582126132746	720	8299.67	2114.665	11185.83	543	125	390	6359.835	691	1092	6472.5	1154	4180.67	43502.655	798.25	2992.5	5106	10432.34	2888.5	240	80	525	385	1310	2412	1996	205	4520.665	1855	7083.335	325
6.99866214203744	470	2542.835	644	3097	930.165	484	220	1184	667	966	1939.335	5125	3605.335	20195.415	1808.665	1782.25	2350.415	2857	3919	443	85	665	225	752	2229	3087.665	145	2282	2291	2059.665	230
8.19077444864354	360	2150	699.335	4195.67	1367	280	490	1392	445	620	2009	2112.335	1354.5	16455.915	1367.5	1298	1229	2744.5	1869.75	200	105	485	321	780	1798	1185.165	120	2463.835	4207	1422	205
4.75406852496234	420	496	180	240	410	212.5	220	360	202	60	992	627.665	120	205	634.5	334	578	170	173	85	0	511	210	180	682	210	115	632	300	514	85
3.58108263975576	480	4822.165	1376	4480	1002	105	330	5691.5	714	690	3405.335	6839.835	3168.75	17731.325	1856	4015.165	5456	5903.665	3413.83	200	30	641.5	267	1450	2254.5	5495.585	205	1778	1934	4619.165	454
7.21560388309711	534	3160.335	578	4176.5	1303	411.25	310	2225.75	847	876	2468.75	4761.17	3477.75	27701.41	2152	2358.585	2322.75	3748.085	3792.08	402	135	767.5	477	499	1825.25	2784.585	200	2044.75	1524.415	3110	338
3.42572575312341	360	230	404	60	415	390	2200.67	180	466	1012	120	296	145	710	60	90	1139.5	170	300	360	110	497	325	580	420	145	200	238	588	120	120
5.0961461013496	528	4211.165	716	6151.165	1471	215	390	3469	707	650	2530	2701.75	2804.585	24523.255	1421.25	1031.5	1283.835	5378.5	3182.585	240	25	696.5	255	1404	1474	834.5	175	3827.835	4245.5	4027	285
8.03454191683314	360	1168	230	2418	717.5	135	240	1384	534	1458	1694	3344.915	1738.915	7437.41	1440	1916.25	2481.75	2116	1960.585	150	0	554.33	230	1329	1346	3300.085	150	1460	2114	2495.335	200
7.82712327123015	0	0	120	158	30	0	0	120	55	0	0	0	142	1158	115	167	156	360	30	0	0	0	0	0	0	120	30	0	60	70	0
3.41029090992123	120	1385.335	0	340	85	230	1338	240	295	540	280	2496.25	1293.665	6623.33	390	145	1159	456	2236.665	230	80	627	330	240	706	4635.915	195	120	300	410	350
4.97015699050751	886	2757.5	620	742	451	110	1262	1338.5	334	660	1429.335	3716.335	1845.915	6272.5	30	30	558.665	668	2489.5	263	30	630	315	600	985.335	1247	115	534	912	1128	202
8.51274531426019	706	6543.67	792	9481.335	403	280	280	5158.5	676.5	1230	3846	1587.165	2497.5	21840.415	1246	2883.75	3825.255	8695.835	1988.75	180	100	362	412	1344	2436	2543.25	252	5624	3251.835	5944.335	205
5.66476094166523	660	1860	1104	680	191	318	1400	1242	332.5	626	410	1397	4522.33	15249.74	210	60	690	862	4170.415	150	190	330	210	590	714	1082	30	480	840	110	310
6.93233520229648	360	1598	420	1440	411.665	280	482	1166	400	460	576	1164.415	1358.5	11495.83	694	681	792	1023	1545.335	210	50	374	175	240	884	597	120	838	630.5	740.335	226
9.41873164150319	540	4980.335	862	2856.5	1120.5	226	160	2784	556	580	3271	3776.665	2943.75	10967.58	1522.5	1292	1619.665	3897.5	2910.25	235	30	251	295	1184	1914	2161.915	60	3038.5	2474.5	4218	100
9.1248173413948	832	17985.835	928	18182.835	762	269	50	18858.33	948	900	13882.665	2822.67	2669.415	29766.75	1127	3251.59	5312.335	14587.335	3270.17	205	55	530	300	1854.67	4596.67	4875.335	220	6585.67	5166.5	19657.005	145
7.71873660500345	400	3531	642	3981.5	1097.665	110	120	2314	428	760	2002	5140.915	2920.75	17002.485	1232	295	582	2006	3797	142.25	55	735	265	888	1704	1819.75	90	1387.335	1597.335	3214.835	210
4.65629049041374	348	3938.5	240	6321.5	461.665	120	330	3937.17	345	710	3496	1339.915	786.75	16006.245	510	374	435	6664.005	1313.915	249.665	100	449	203	826	1861.335	258	250	2982.335	3209.165	5014.17	252
6.69405017010283	466	2683	420	1536	1285.25	200	460	2177.335	568	810	1692	2881.83	1398.5	5507.575	324	30	350	1463.335	2090.5	263	185	869	476	598	1945.335	736	90	1713	1688	2860	502
7.87123489365875	240	10056.335	1002	3995.835	779	252	430	9142.5	662	582	7562.665	2721.25	1990.83	7343.745	145	30	674	2094	1911	265	110	872	210	1362.5	3326.5	1904.5	135	4608.67	3367	15749.5	388
8.45779556653109	360	2652	401	2041	1028	170	160	1976.005	484	696	2531	5828.585	1812	5770.92	2192.335	863	1247	1838	2869.75	235	80	465	235	1126.5	2204.67	4506.835	30	1544	1419	3273	229.165
4.5985659257914	234	1290	660	350	210	230	1216	420	313	170	692	1365.335	1956	9319	30	150	937	1024.5	2304	289	80	235	324	878	1299.335	627	150	1324	1714.665	999.5	275
10.2154475174474	210	1631.5	360	1352.085	937	195	230	733.5	315	1130	1074	2640.835	1936.665	7219.165	1753.25	1779.5	2007.665	1140.5	1669.5	300	125	469	265	472	1013	1836.75	112	1327.25	1099	1597.665	190
6.88660416288348	588	8890.165	1438	10762.665	465	55	120	4598.5	515	700	4641	1209.665	3800.75	37845.9	608	2133.165	3314	7179.5	2632.75	170	80	431	484	1298	2808	1363.5	205	3042	2912	6605.83	370
3.41213072754753	360	590	420	0	90	310	2012	294	545	816.335	120	580	370	2362	30	60	1044	350	803	120	200	415	174	180	720	407	180	300	180	120	337
