expression	H3K14ac	H3K18ac	H3K23ac	H3K27ac	H3K27me1	H3K27me2	H3K27me3	H3K36ac	H3K36me1	H3K36me3	H3K4ac	H3K4me1	H3K4me2	H3K4me3	H3K79me1	H3K79me2	H3K79me3	H3K9ac	H3K9me1	H3K9me2	H3K9me3	H3R2me1	H3R2me2	H4K12ac	H4K16ac	H4K20me1	H4K20me3	H4K5ac	H4K8ac	H4K91ac	H4R3me2
4.83994305390932	894	200	420	274	295	640	1460	300	508	936	60	265	233	716.25	0	60	767.25	400	269	470	60	507	460	180	598	167	105	298	840	60	450
2.76884735705338	480	600	524	240	654	620	828	720	541	1038	1094	687	289.165	539	240	120	577	160	464	90	0	784	416	824	2091.835	644	175	1226	998	936	517.5
5.74893587507959	1422.5	5641.5	1746.5	10190.83	927.165	170	170	4134.5	175	760	5616.835	1704.5	1555.75	19135.58	1580.5	6647.66	9458.08	9745.175	1927.5	112	85	668	324	1308	2569.335	909	120	4842.5	3066	5353.835	145
8.41672292121517	702	2506	1104	6313.17	494	165	340	1320	419	1578	1922	3615.585	5877.08	36626.915	2322.83	4991.33	8380.915	3221	4835	120	50	869	435	806	776	1738.75	180	3113	1702	2948	265
4.12533195519229	300	980	0	310	363.165	472	360	650	351	360	1626	805.5	291	779	265	30	599	180	360	145	75	872.665	448	60	2162	1442.25	205	420	658	1642	536
7.89901618263764	491	1194.415	640	2750.415	1009	286	400	1670.165	508	930	920	1486.415	3220.995	14303.82	969	2160.5	2693.75	1781.5	2481.335	240	235	745	256	443	1012.665	145	177	1344	1283.25	790	235
5.35157136250338	300	160	840	394	227	160	2016.665	360	484	682	340	522	893.25	4844.665	30	0	390	620	721	150	135	430	166	60	412	116	30	582	180	280	259
4.76895007014828	180	1291.335	120	896	957	300	382	720	350	120	920	1942.5	468.75	1621.75	382	180	545	686	1020.5	115	55	584.665	270	180	1398	1456.5	85	1034	704	2216	500
4.37222626757559	460	516	120	110	285	560	1666	474	354	1214	460	255	15	337	60	60	578.25	230	180	310	223	668	294	180	512	150	120	292	640	290	618
4.49043811639786	410	1164	652	602	509	195	560	2010	115	504	1546	1178.165	381	636	210	0	90	624	295	355	0	542	180	832	1054	90	139	1088	944	1275	90
6.64220253671756	240	3235.5	656	1955	1019	298	370	1742	606	660	1959.335	5322.245	1237.5	5561.165	787	358	491	1931	3047.25	195	110	486.335	230	868	2022.335	2346	90	754	1417	3040.5	270
3.89276984714621	300	280	180	110	90	833	976	60	504	640	170	385	175	709	0	30	609	360	290	468	170	633	516	120	769.335	90	139	300	240	120	495
7.31143279029076	30	0	180	30	252	438	400	238	251	940	252	205	236	223	420	30	738	180	171	60	0	787	203	60	649	429	85	120	30	235	395
3.75318318206474	420	1176	180	180	458	700	955	720	390	540	672	265	378	420	120	60	415	230	255	230	170	535	265	120	896	90	60	990	714	1068	315
3.20258179523829	530	390	360	170	295	734	2010	360	749.5	1278	284	398	175	660	150	60	597	400	343	320	50	860	410	0	840	150	147	532	420	290	610
5.77541918146184	526	3804.335	120	3357	511	338	230	2390.5	338	4008.335	3098	1192.08	1126.5	10631.585	300	60	3631.25	1871.67	939.165	682.5	479	519	321	832	2581.835	140	12379.34	2993	3559.5	4353.5	386
3.96543959403025	540	180	660	240	205	355	1196	398	453	490	110	297.5	0	440	90	30	378	350	198	0	105	542	474	352	865	235	30	770	356	110	145
3.55537663250983	300	410	60	120	150	280	1084	300	473	640	340	170	60	365	150	0	692	170	240	385	75	342	261	60	130	230	120	240	180	120	235
5.43987118082229	240	838	410	120	248	318	1033	986	370	1816	150	169	120	190	150	90	398	276	432	228.25	60	622	336	164	750	235	60	856	646.5	360	370
6.37744947592802	646.665	1226	1490.5	2640	1745	167	160	1008	375	1788	1452	7169.245	1965.335	1887.25	1572.415	7017.25	10800.835	578	3370.5	309	80	421	289.165	1112	1738	4134	173	1629.5	2000.5	1490	150
5.34613801326823	480	60	120	230	140	321	1478	180	336	580	270	30	150	266	30	60	180	180	120	232	267	288	508	120	420	60	210	60	180	0	380
4.03179428543833	60	1146	180	300	308	310	560	346	280	702	650	1137	150	732	150	30	784	230	432.5	146	55	666	404	300	1056.5	482.665	396	592	882	964	265
3.46464781104254	360	1488	120	170	560	332	840	1176.5	400	450	886	1372	425.5	1178.995	446	300	645	180	769	210	50	1253	495	180	1470	1001.75	120	1055.335	978	2480	293
4.02517756843388	60	1012	60	688	1020	188	60	1006	270	744	768.5	3336.835	561.25	409.5	413	90	418	120	918.665	60	30	326	240	950	1060.5	791	115	886	840	1622	210
4.56979064607397	578	474	60	160	409	165	220	120	461	628.335	402	597	228	392	40	60	448	230	406.165	235	55	670	725	636	1122	896.5	423	358	468	230	639
5.38726873553572	704	2537.335	676.5	3031.5	918	195	1110	1180	455	742	2236	4622.005	2198.5	3600.335	449	352	1114	1468	2412.665	120	50	644	475	952	1914	1544	120	1896	2652	1972	228
5.18506467835318	468	0	60	0	191	599	1002	60	345	644	60	203.25	115	390	60	0	826.5	404	205	602	437	464	180	60	654	150	208	120	240	0	340
4.48826270442233	360	60	288	110	60	80	1456	716	110	872	50	232	140	629	130	90	660	464	175	411	561	378	449	120	674	145	120	120	140	0	343
4.76712107918379	720	2166	350	446	432	355	450	708	368	830	2279	3664.33	420	442	1508.25	585	1029	120	840	60	30	706	680	180	2268	991	200	660	600	2996	636
8.00938135496084	1907.335	1954	1049.335	4290	962.415	260	718	1937.335	470	1152	1920.335	2459.75	1083.25	11603.005	1013.5	2252.915	4156.25	2851	1280.5	195	80	305	378	2009.335	1710	355	115	2565	1874	1460	216
6.72243904260804	794	7212.17	866.5	4974	1109	496	300	5290.335	582	934	3144.33	2760.085	2174.5	18054.41	1391.75	638	622.665	3683.835	1974.585	503	50	767.165	265	1504	2520	802	253	2795	3343	5123.5	225
3.59264384623311	90	90	177	0	205	394	890	180	170	280	30	145	60	75	90	30	120	30	90	150	50	205	295	30	120	30	30	120	150	0	205
3.39422311792482	300	0	0	50	256	500	580	60	315	526	100	120	30	320	60	30	474	160	150	349	394.915	240	230	240	460	60	170	0	60	0	290
3.83163061995779	180	0	0	0	85	106	0	0	50	175	60	30	30	30	0	0	60	0	54	0	30	120	0	0	60	60	30	0	0	0	55
5.41878501761977	636	404	426	120	438	450	540	480	388	1264	420	891.665	439	170	90	60	486.5	350	509	748	0	637	437.5	300	240	592	0	120	300	170	395
5.22314382687884	590	410	240	50	338	857	1220	360	418	878	400	525	150	307	90	30	440	410	260	200	115	718.25	190	120	816	120	130	410	180	444	255
2.363136300351	140	50	120	270	240	569	1256	60	225	1044	180	295	100	475	60	30	707	180	288	756	155	431	355	120	540	145	86	60	180	0	289
3.75484976225512	240	1012	60	230	758	430	340	532	260	752	794	1166.25	120	495	797	90	543	60	398	60	25	756	858.915	180	1985	1571	90	370	276	2790	731.165
4.51725472771284	480	290	240	110	285	408	1658	180	362	530	180	180	60	400	60	0	175	170	145	333	397	474	438	240	770	25	270	60	180	60	348
2.90549843728784	540	1078	300	60	290	719	602	766	455	720	870	180	60	365	120	30	701	520	364	175	55	813	180	416	840	180	150	466	240	560	484
8.12628166431558	240	5558	420	5039	860	130	410	4268.335	527	1338	4665.335	3631.5	1151.665	8844.995	744	120	584	5901.5	1558.75	175	0	542	383	1410	3056.835	2518.25	332.665	2715.835	1862.5	8044.335	314
2.65864985080708	180	120	120	230	90	287	570	180	261	520	340	120	60	396	60	60	447	340	170	534	315	200	380	300	406	0	320	510	180	0	295
3.75011800508436	540	446	300	166	350	735	888	660	415	918	516	344	90	300	30	90	286	490	300	145	200	572.165	296	690	358	140	30	720	600	60	170
5.18629862289271	360	240	60	60	240	630	692.5	180	415	860	280	570	265	326.5	90	0	885.75	350	240	316	0	547	270	120	590	258	310	240	350	350	518
3.1400079268355	360	170	360	180	120	416	1628	180	432	1192	60	270	115	410	90	30	946.665	220	231	225	50	512	180	180	60	115	134	286	180	180	438
5.09807213611836	180	0	120	120	115	283	620	300	258	464	60	120	30	298	60	0	332	310	173	615	130	175	290	300	360	60	30	120	180	0	145
5.30803474947886	360	180	120	60	115	170	484	220	286	290	240	95	60	195	0	0	192	110	90	140	55	205	228	180	240	85	0	300	120	110	223
5.12616096901512	406	1646	180	1322	631	145	180	588	292	470	774	2707.915	1864.085	2857.67	262	116	350	523.335	1736.915	85	0	270	417	770	1186	293	235	1651.335	2099	834	120
10.5055975360839	623	1068	1008	3683.245	180	120	210	743	257	1722	1144	811	2019.165	33417.405	688	6732.495	10019.745	1970.165	1557	180	110	661	420	817.25	870	707.5	210	624	641	435	240
4.54902619862005	240	0	300	60	240	554	812	180	612	520	60	220.5	0	421	30	30	385	230	145	808.5	439	355	470	180	300	60	175	120	60	60	526
4.63395976041093	650	706	300	340	175	725	2998	360	719.665	1386	640	699.5	344	2027.25	90	30	925	400	585	482	211	817.5	235	830	630	55	225	909.5	1362	50	165
9.33457985319187	720	1991.335	884	2892	731	255	530	1686	485	992	1960	1610	1342.75	3591.5	1325	1794	2492.165	1178	1224.165	412	55	553	325	2384.665	2116	115	90	3653	3019.335	1960	308
7.46635626646743	420	170	720	230	1222	175	220	300	265	2702	380	2717	1381.5	614	1055.75	6224.335	7688.415	410	2389	115	105	431	100	720	414	4587.075	60	300	480	60	180
2.48330244707595	300	0	174	60	265	351	904	60	225	316	0	120	30	360	89	30	313	380	130	382	140	290	293	180	240	55	115	60	0	60	60
4.60188128347262	295	205	60	55	150	212	1598	120	522	586	90	60	80	270	60	90	327	175	60	324	255	409	487	30	270	174	150	90	90	0	433
2.2982220889189	600	1286	180	668	1259	319	476	582	440	928	1340	869	252	548	270	0	345	460	427	110	50	753	330	600	2204	256	290	1408	1824	2246	504
8.03931705514551	1160	3781.835	712	7541.83	1799.25	175	100	2249.5	394	1920	2330	4759.835	3810.915	14312.995	1526	240	877.665	4472	3498.5	145	55	796	174	1748	4424.5	938.75	120	4754.5	5543.5	2823	210
4.81975320023819	950	100	420	120	315	737.5	1873	540	464	1718	180	216	119	446	30	30	1144.665	340	305	529	385	628	345	180	698	110	150	360	300	60	445
5.01127209129787	480	520	540	470	410	242	622	516	255	400	240	150	150	472	120	90	150	410	170	235	115	150	131	240	480	55	169	456	480	0	410
4.34360020599315	360	50	60	0	173	330	1564	120	315	1062	60	30	60	232	30	0	436	230	30	346	662.665	210	110	240	120	55	85	0	0	0	175
4.19515775445868	480	180	120	348	175	220	610	320	427.165	1025.335	230	90	30	225	60	120	558	230	145	138.665	60	603	90	356	720	120	205	240	404	60	282
5.03771432521615	520	150	420	170	264	804	2244	472	435	1070	170	90	90	649	120	120	1059.33	450	310	386	263	396.25	345	300	684	140	178	60	240	60	495
5.36680044144412	300	0	120	294	1513	439	386	60	504	18662.495	394	1061.25	714	719	2013	305	3631.75	180	1201.665	430	689	550	596	60	940	757.5	4721	360	346	340	642
8.32043106974021	540	834	896	1832	492.665	280	550	600	494	510	700	725	788.25	9223.75	380	1279	2188	864	1065.665	120	115	598.5	330	866	762	233	60	644	410	220	230
3.35043552498394	468	120	60	60	205	532.5	1250	120	485	1410	280	505	205	619.5	30	0	908.5	410	290	155	55	523	720	60	1008	336	268	360	420	290	340
5.25798613699962	300	284	180	35	208	205	2898	116	788	1614	251	919	178	1152.5	90	120	1250	191	345	30	185	663	295	120	652	175	230	165	180	397	437
8.37794031944275	180	240	240	802	1478.83	195	320	710	290	3959.5	1234	1974.415	602	580.5	1322	2671.915	4550.915	0	1216.665	205	130	786.165	357	2738	1564	1541.25	60	942	2146	274	297
5.2765869622833	470	1458	120	340	198	275	2400	650	481	1140	932	1413.665	465	1207.5	300	90	1510.33	678	896	89	80	768	483	660	960	974	205	344	466	1411	286
5.35698973100841	770	110	420	120	180	230	4506.165	360	360	1618	170	270	178	925	90	30	1644.835	170	451	567.5	355	712	270	180	650	248	85	240	180	230	219
5.24712880351807	180	1004	60	792	713.5	195	110	824.5	374.665	904	866	1778.165	565.5	913.75	671	147	290	300	495	235	90	410	319	412	1462	665	90	1090	698	1900.5	190
2.01557346241255	780	1200	240	520	261	195	1028	420	374	400	770	939	580	4217.995	120	90	564	852	1204	210	135	421.165	439	828	820	550	200	480	996	360	235
2.67755319221575	480	350	580	120	140	703.33	2232	480	390	1610	60	892.665	607	1891.5	30	90	952	220	885	275	75	340	320	300	888	241	140	240	646.5	120	287
3.94676060751626	878	1987.335	350	570	345	464	684	1378	614	1514	716	2758.83	658	732	140	0	508	614	717	487	155	660	524	466.5	530	465	175	1154	240	760	600
4.61369970598718	180	410	60	160	349	608.665	670	418	325	1588	360	694	290	966.995	60	60	743	460	407	60	25	604	290	174	958	255	162	480	120	230	487
5.76049671579198	180	1392	294	384	265	213.33	570	600	232	800	708.335	1060.75	612	1668.165	240	0	527	544	541	55	100	345	191.25	240	540	165	115	404	540	480	145
4.50438142613303	240	340	0	120	232	495	490	420	376	787.5	748	270	150	481	90	60	629	160	120	85	25	749	415	240	1008	200	90	480	420	1076	295
4.23121609951414	360	110	120	176	240	410	972	120	454	532	274	228	90	490	30	30	359	230	60	120	55	405	327	180	652	90	55	120	412	0	200
4.44531300501024	360	1020	294	836	229	251	550	940.5	484	770	470	815.5	330.335	399	30	30	257	574	368	210	25	438	210	580	688	60	60	1568	2068.5	482	175
11.4237827273352	830	3399.67	1747.165	7239.335	230	85	310	6046.665	400	2311	3634	1105	2927.915	25352.505	442	3483.415	6420.17	5868.335	2038.5	279	115	418	456	1772.67	1646	2474.25	60	2440	2466	3173.335	145
3.40877476729325	1066	4480.335	2138	5625.5	2680	195	320	2984	963	960	2834	6065.75	4427.335	24212.17	1160.25	143	737	4011	5170.25	240	155	519	341	2646	1884	822	220	4697.335	5476	2254.665	472
5.66148717312976	540	650	60	410	622	470	460	480	681.165	940	740	880.665	55	594.665	210	120	744.5	566	345	85	55	1038	445	420	1200	509	240	692	588	1634	598
4.78397891334843	410	460	300	60	60	542	3049.67	240	614	1245	280	627.665	175	735	150	90	945	512	588.5	265	125	695	290	120	600	332	200	420	300	110	372
9.0563887556678	826	2480.335	834	6565.505	456	55	496	3820	175	1036	2718	851.835	2122	9040.325	463	830	2144.25	3313	1291.165	150	220	446	235	1874.5	1400	90	120	1686	1312	1146	140
7.02921598814387	180	120	120	0	30	141	450	180	175	300	170	90	60	188	30	60	480.5	180	30	60	0	180	148	0	0	146	60	0	0	0	60
4.33533916454308	650	240	176	110	298	376	1146	420	345	870	330	307	30	418	30	60	321	404	177	301	195	441	235	300	540	60	205	580	410	180	348
5.8637661096759	300	420	474	180	90	669	2184	420	623.5	978	450	475	201	607	150	0	679.335	230	231	130	25	774	235	240	780	283.75	205	240	472	520	392
5.11178204430112	770	3179	540	4303	1944.665	256	270	1680	735	1975.5	3024	7992.495	2314.25	9600.915	2795.335	618	504	2578.5	3347.58	145	55	713	661.665	1342	2927.335	4826.5	294	3031	3260.5	3032	379
6.50080832348025	530	240	300	0	90	351	3773.165	180	472	1324	50	524	175	569	30	30	1506.5	50	380	225	310	609	330	360	349.335	587.75	315	60	180	0	462
4.21230758168043	540	890	360	470	341	714	686	582	370	622	450	677	315	838	60	30	500	390	465	329	25	235	285	540	480	120	85	870	1042	622	280
8.43327883189514	480	2867.835	645.335	3577.335	1350.5	90	300	1774	522	512	1928.5	1973.75	1735.5	18743.335	780	300	482	2899	1921.5	496	30	592.835	475	1408	1512	1260.25	60	3358	4752.5	1172	210
4.96647091446941	470	120	180	0	224	402	970	240	265	858	100	327	265	446	30	90	535	170	330	524	133	512	85	180	700	180	50	180	120	0	242
3.78221837407981	240	440	344	230	239	345	1340	300	385	921	110	402	413	783.67	90	30	518	390	295	560	164	336	228	180	540	141	55	240	360	50	410
5.63466280941698	240	264	300	1525	1162.5	195	160	720	618	6924.835	680	1518	444	485	180	90	380	290	553	115	60	401	417	702	1250	1226.75	229	1062	1198	770	363
5.69580238493598	460	4437.5	354	3499.5	1142.5	340	370	2038	576	744	2551.5	3548.085	1852.915	13375.665	390	150	445	2167.5	1736.25	983	55	434	454.5	1718	2103.835	359.165	145	4338.835	3141	3466.5	265
3.96447692602845	404	580	470	520	1290.25	530	674	600	600	1070	760	783	488	672	180	60	666	410	460	145	0	1084.5	470	360	1172	376	115	930	716	816	410
4.23105184386803	296	60	300	0	175	90	1834	180	368	540	60	145	55	481	55	30	410	120	60	385	528	205	205	180	642	60	210	60	60	0	255
4.42197544808244	120	60	120	170	150	195	630	420	200	350	340	387	30	220	30	60	120	290	90	170	200	230	206	300	420	0	30	60	420	0	260
4.49150528416665	360	110	140	180	323	471	550	180	373	410	120	30	145	371	60	30	265	226	275	661	215	265	210	290	540	85	60	60	60	50	289
3.95812002252086	352	230	120	60	150	851	1888	240	550	1860	220	354	145	904	150	60	1955	340	280	260.5	680	555	390	120	420	230	411	120	240	0	579.5
6.96350214149654	300	180	532	640	1455.33	262	682	540	400	7254.335	480	877	552.665	406.5	1076.25	180	575	290	1339.5	230	0	999	621	948	2128	1224	90	1432	1154	470	345
5.3430691493257	762	120	672	230	180	650	2414	240	615	1180	110	372	120	714.665	30	60	528	586	308	300	220	569	252.665	300	590	30	25	300	180	170	456
3.94725761152517	540	234	600	120	594.5	785	2116	404	768	1364	170	150	55	826	60	60	261.5	634	320	455	382	569	205	360	660	175	175	180	590	0	437
5.20985766852038	592	180	600	730	1127	240	320	820	434	2192	360	1430	175	345	60	90	395	570	519.5	85	50	460	280	480	1424.5	298	90	1244	1338	786	375
3.28568551494795	300	460	120	0	180	265	670	240	220	622	290	220	90	316	30	30	539	180	60	120	0	352	198	300	540	60	175	420	180	120	278
5.2308946902306	530	394	300	50	90	465	1096	240	440	1106	420	150	55	416.25	30	0	584	520	155	180	55	315	365	60	460	60	25	420	540	120	202
4.67547719361977	780	470	540	250	174	215	1194	300	415	490	180	350.75	90	355	0	60	316	120	341	295	75	229	240	180	300	30	115	480	420	0	260
8.10744894082318	660	180	480	60	1183	488	594	120	472	7351	160	330	300	328	237	260.5	587	300	706	514.75	75	579	442	780	660	1001.25	90	590	420	120	394
4.93204941362336	416	280	240	180	259	704	1349	374	1017	1362	50	496	60	560.5	30	30	833	670	261	440	105	1011	444	420	300	235	60	832	420	60	295
3.88609270221464	329	455	150	453	175	572	1478	415	478	650	260	756	604.5	1898.75	150	30	491	290	651	607	185	370	234	298	330	173	240	416	298	345	170
4.74090140721445	412	355	60	0	60	386	3168.5	120	593	1018	115	582	260	879	30	60	1111.75	175	439	345	210	755	285	90	596	293	120	120	150	85	380
3.08721468223535	300	120	180	240	205	263	752	120	319	584	230	180	175	240	0	90	440	360	145	544	160	434	368	360	460	140	120	0	120	0	342
8.49531970136315	1115	10781.165	1710	14768.835	1191.5	200	280	4742.5	726	734	8684.5	10744.575	4034.665	9218.995	2106.915	943.5	1571.5	4305.335	4244.75	176	30	734	484	2706	3146.5	688	120	6092.335	5034.835	10838.67	380
3.47336144183313	206	206	120	90	316	620	1052	210	617.165	1096	30	210	140	629.5	0	30	873	55	285	439	474	512	240	150	240	114	150	60	150	30	253
5.49537768881285	120	1142	352	1556	1102	156	330	888	575	1258	1074	1230.75	521	4219.245	203	120	350	1130	1459.5	290	30	548	360	984	1182	1636.33	300	1052	1578	1898	385
3.06461447225027	540	0	0	108	262	222	616	180	368	1153.5	60	81	80	190	0	60	341	180	30	640.5	380	506	374	80	420	55	120	60	230	0	280
5.4986568708088	120	50	120	60	373	462	562.67	240	294	640	60	264.5	120	492	60	30	291	260	169	689	391	437	475	120	240	60	260	60	120	0	405
6.18589478865113	766	1896.335	652	1422	908.5	324	190	860.5	364	760	750	3036.83	1771.165	9675.415	292	180	480	1020	2001.585	145	25	421	210	840	1208	265	115	1196	2389.5	862	253
5.70052885403513	360	270	30	30	290	451	650	358	312	520	132	558	50	258	150	0	530	50	330	170	55	699.5	270	70	150	115	115	236	180	90	170
4.88841944803708	480	260	180	0	85	255	1570.5	60	340	712	120	322	150	285	90	60	729	290	210	175	30	527	180	0	480	180	120	120	60	0	272
4.1340842112177	590	240	120	160	235	350	1020	480	369	1338	170	180	0	600	60	30	573	300	235	679	525	417	325	360	360	115	145	600	200	0	460
5.07679437641494	896	1676	600	1613	797	390	608	1232	487	822	1018	799.5	1150.585	4246.42	60	30	541.75	1597.5	1036.5	360	160	380	380	900	1044	464	55	1846	1356	914	305
2.58318590237871	420	60	60	110	115	496	1366	300	432	470	60	30	144.165	424	30	120	170	360	115	736	241	120	373	60	420	30	30	60	120	170	235
2.41556594995864	470	180	472	50	120	407.5	2418	60	638	1600	300	352	233	1219	90	30	1095	280	563.5	205	110	876.25	205	300	660	117	265	60	180	60	413
3.49828628163571	702	1646	480	470	443	427	1468	588	396	1366.665	1182.335	2735.25	395	693.665	90	60	801	300	548	230	80	701	517	300	1300	435	165	938	654	1422	496
4.36520786374724	360	230	240	60	326	611	1324	240	388	810	160	372.915	175	250	0	90	518	230	229	499	170	348	315	120	230	30	145	420	478	0	174
7.37906430582556	420	3520.335	800	6130	804.5	411	160	3404.835	771	360	3013.335	1938.25	1535.25	11251.58	921.5	1006	1384	4435.5	1553.915	380	80	774	420	1060	2682.5	935	233	4249	3987.5	4447	265
5.54557970731102	600	2296	300	4320.165	1061	267	340	1384	612	972	1664.5	1309.33	1152	14382.5	523.665	294	1135.165	3600	1200.335	400	80	369	90	818	1496.5	90	210	2613.5	3810.665	2692.5	235
5.65723579199908	1238	2451	928	4931.005	2026.75	225	410	1240	655	1986	1550	4362.25	2204.165	5375.25	693.25	120	737	1469	3340.415	370	85	639	330	2184	2550	769	180	4744.335	5215.5	1600	320
5.82298391131352	420	50	300	50	417	377.25	1536	300	581	754	210	237	280.25	550	30	0	432.5	510	80	621.165	319	170	325	180	480	85	0	120	346	0	315
7.58936870072827	120	225	150	205	400	142	170	60	330	180	120	1183	501	175	750	351	455	175	1306	204	25	360	180	150	255	599	90	270	300	85	110
5.4215764921285	240	240	300	230	198	555	1662	300	678	904	170	319	165	591	30	60	601	360	80	710	239	455	340	360	480	90	146	290	240	60	210
3.46823745879786	510	837	330	285	150	225	2824.835	450	529	1212	670.5	2071.25	798	2890.92	120	60	1209	533	1262.665	252	55	1315	441	609	489	1520	205	388	558	643	617
3.74449153410683	290	120	180	350	314	578	948	180	150	648	290	382	145	370	30	0	764	120	145	90	30	642.665	412.25	70	1188	230	115	420	312	220	443
2.51089517029435	530	0	420	344	225	355	1672	180	220	1374	290	185	150	506	120	120	826	510	265	255	385	501	276	60	420	115	280	230	240	60	225
5.41672243092666	204	2097.75	120	1109.5	1223	363	340	764	467	1084	1271	3645.335	1316.665	6428.415	1430.665	263.25	649	520	2363.75	60	55	1024.5	500	577	1792.665	3606.335	496	661	675.5	2565.67	543
2.63409216642525	180	240	660	180	205	520	1868	130	305	872	170	55	60	607	90	0	363	290	175	344	290	410	381	240	412	30	145	420	650	60	200
10.1481988390932	1172	13073.5	1434	15102.835	453	170	240	7287.835	314	1618	10145.165	7005.91	2926	5772.005	1896.5	1024	1742.415	5844	2746.415	225	25	784.5	675	2784	3760	658.5	300	8265.165	3642.5	15324	259
1.60169299786165	0	0	240	108	426	419	600	120	295	706	110	90	90	375	0	60	261.165	290	180	536	295	270	350	60	420	30	55	60	120	0	260
4.02519908980651	642	110	120	50	115	397	1636	420	435	740	750	300	120	384	90	30	362	440	135	180	110	468	348.25	224	360	176	120	120	348	172	240
3.58330502668973	588	2444	1038	2851	686.5	224	892	2604	503	460	924	600	2876.165	19057.26	210	141	421	2358	1932.915	200	100	411	265	1325	1132	60	30	3337.5	4596	1439.5	150
5.37975218171322	180	2445.335	240	504	909	364	160	1618	582	870	2140.335	4028.665	676.25	255	1677.5	674.25	1594	520	855	141.5	55	907.75	377	468	1934	1159	140	1576	1036	2793	366
8.69210570222224	300	2563.165	526	4100.67	482	253	240	4657	310	528	2824	756.25	2031.08	10844.575	785	2368.08	2815.165	2554.335	1783.75	237	50	735	463	1118	1006	451	30	2283.335	888	2398	378
6.13329283138835	300	1415	240	1164.165	687	287	396	2139.25	265	1156	1271	867	371	1821.585	270	180	140	558	771.25	240	80	560	227.5	455	606	50	85	1392.25	2105.75	1268.5	265
3.29103275211386	480	3548.665	480	780	338	263	1068	1698	446	1388	1788.335	1762.5	618	478	150	60	523	690	767	455	110	817	374	120	950	260	90	1032	948	1260	300
5.36279104183316	440	170	120	60	511	663	1514	60	347	966	60	526	150	638	60	0	840	408	240	410	165	569	398	180	840	210	227	382	120	180	330
4.13978069521382	720	5681	300	2492.5	975	295	330	3676.165	514.5	400	4168	4143.415	859.5	713	235	30	385	952	1204.5	330	110	538	270	1020	840	295	144	2615	2187	3615	282.5
3.552211719736	620	206	240	60	143.665	1007	1734	406	595	956	300	173	225	646	30	60	557	390	222.5	312	79	613	221	238	296	120	145	120	464	120	462
7.89080518950782	356	1590.5	143	1785.165	912	145	170	712	470	810	1359	4667.335	1479.25	7179.17	900	827	2044.25	729.165	1939.25	90	50	419	300	220	889	1755.75	85	1007	587	1323	260
3.52850528180281	360	460	120	110	147	250	390	240	140	610	110	202	0	322	0	60	561	180	210	320	195	218	340.165	180	476	90	176	300	660	110	252
2.97164959991303	180	325	60	30	175	230	290	150	439	340	60	470	141.5	614	150	30	533	224	235	0	25	548.5	270	30	718.25	415	145	90	120	85	230
6.596778649538	578	810	474	410	255	275	766	530	526	430	450	823.25	212	436.5	60	60	325	332	340	332	0	150	234	180	480	0	0	778	730.5	230	110
8.04469525396861	590	1702	990	3259.835	1100	170	170	1170	579	638	964	2468.92	2968.67	7130.085	1144	3261.415	3060.835	1390	2587.915	150	55	440	145	1600	1490	1301.75	30	1289.335	1640	360	210
5.08619411801727	600	1911.5	480	230	793	196	678	466.5	500	1566	1098	949	195	355	390	355	782	290	415	325	75	763	357	300	700	115	90	886	780	760	410
5.12126092467836	240	230	360	174	539	558	590	420	699.5	1209	280	425.665	221	437	0	120	536.25	180	90	235	0	619	522.165	526	886	0	195	430	826.5	110	254
3.32591153660124	412	120	114	120	291	729	1980.5	360	653	1348	180	383	210	520	30	0	651	470	238	387	85	592	450	240	572	315	255	360	120	0	465
6.55738754556449	780	160	350	60	295	404	1044	180	391	636	170	180	265	584	30	30	380	290	265	731	185	423	170	60	360	120	170	180	420	0	229
4.0126743503262	420	762	450	460	230	225	384	348	531.5	980	680	415	224	696	120	0	603	446	309	90	55	524	150	480	720	85	170	1210	1512	360	200
3.89389946168187	120	60	240	0	90	195	924	0	230	230	0	142	115	260	120	30	234	214	120	240	220	265	265	0	580	120	90	120	180	0	290
4.15487035562576	600	166	678	50	120	217	3120.5	180	415	1166	60	430	223	669.25	30	90	611	220	319	457.5	276	350	210	360	876	112.25	115	180	0	0	484
5.51923644555726	410	1275.25	270	947	694	722	726	443	565	822	1116.165	2111.75	1044	3249.165	414	180	746	405	1034	235	135	933	390	437	803	345	90	1469	1089.665	767	385
5.48480626954666	240	240	120	50	55	85	990	0	320	562	60	90	55	170	30	35	276	350	30	200	75	374	350	60	360	60	0	120	360	0	350
6.01414293739195	120	831	0	240	205	370.33	560	460	120	450	1614	295	85	260	180	120	733	120	370	180	25	472	330	240	958	684	256	466	300	1246.335	270
4.99310384571957	407	255	150	85	85	663	1510	150	701	1380	90	579	295	481	90	0	678.665	333	330	150	55	888	235	60	525	405	140	150	150	30	561
5.26841470519372	492	699	150	175	230	481	1566	436	530	1096	825	427.75	150	518	210	60	911	81	270	264	75	870	445	120	605	350	60	293	180	726	548
3.08278344141862	300	234	300	120	115	170	1036	300	488	760	60	171	35	435	60	60	559	220	55	495	305	169	210	170	420	60	145	240	480	0	235
4.48605720384481	240	0	0	60	591	475	360	349.335	142	460	110	90	142	241	150	120	275	60	90	440	315	404	316	120	710	30	387	60	180	0	341
4.66904035883069	170	0	60	0	270	330	350	0	280	230	40	30	60	428	0	30	402	110	150	693	291.665	141	288	172	240	30	205	60	60	110	295
2.21224837499965	360	454	240	450	320	250	430	480	351	710	170	418.415	90	215	30	210	270	240	230	520	115	390	180	300	528	30	30	120	360	230	351
10.1654324983326	996	1368	712	3903.335	507.25	115	150	2262	316	760	1830	606.5	843.665	10451.66	727	4208.25	4676	2542	1005.5	230	205	515	411	1621	948	135	30	1354	1492.835	350	180
2.72828704783697	240	60	300	0	230	492	1502	300	406	1058	70	60	60	515	0	60	509	220	115	374	396	475	372	120	450	60	180	180	360	170	317
4.5218309674549	60	110	298	80	180	538.33	2668	118	484	986	60	201	90	250	0	0	549	185	315	341	196	407	240	120	150	150	80	120	180	60	398
5.88924631153514	210	688	300	240	145	245	2706.335	598	345	1302	624	1223.5	477	1300.25	0	0	1309.165	230	663	343	498	382	191	240	420	344	180	180	480	340	265
4.75866307809186	180	570	180	180	313	246	560	946	555	880	750	446.665	110	461	150	150	289	350	255	175	110	586	150	240	600	255	134	600	720	660	285
3.94387335482608	600	0	180	60	290	614.5	2106	120	667	1038	120	210	175	481	30	0	988.165	360	205	734	215	315	290	60	540	55	253	120	120	0	290
3.6834761324283	30	255	60	60	716	357.5	340	480	279	520	289	630.5	255	260	325	30	401	150	255	210	85	467	120	90	862	392	240	295	294	532	417
4.95327485985156	360	120	0	60	423	401	676	180	370.665	870	180	145	90	325	30	0	621.25	444	115	425	575.835	270	185	300	420	150	350	120	60	0	477
5.03413923301424	295	203	235	85	290	365	1780	210	434	1300.335	30	410	140	534.665	60	0	712	120	235	355	30	560	240	120	327	194	145	235	239	60	304.5
2.79476597885113	650	740	410	106	339.165	435	1724	262	647	710	350	204	55	512	60	0	731	450	470	536	255	430	210	620	300	80	120	470	476	0	485
2.75471747862081	409	646	125	175	327	433	1086	203.25	255	740	451	1153.75	493	1382.915	150	60	1036	85	951.75	393	85	561	210	150	781	190	145	439	300	553	260
4.77453736262094	420	50	288	180	210	332	1428	120	290	1244	110	140	85	360	90	30	450	110	210	295	55	378.665	349	180	700	145	60	300	300	0	320
4.92885674739216	265	870	210	221	600	538	536	616	461	1092	569	532	260	612	150	60	525	292	180	265	130	562	360	215	740	90	55	454.25	355	613	513
3.99155388983481	410	224	60	110	60	242	340	0	200	220	170	120	30	130	60	0	303	170	0	145	0	205	30	60	300	150	135	120	0	0	150
2.85126068317682	480	350	420	180	235	537	1736	300	572	1316	240	372.665	60	618.665	90	30	696.5	402	325	333	90	501	600	420	420	115	193.5	360	420	0	375
4.09567925445735	180	360	180	60	90	337	2172	240	417	630	120	1010	368	1308.75	120	90	1429	60	559	205	90	493	233	418	530	1281	235	360	120	180	374
5.67930363088231	410	180	60	120	200	320	460	120	383	961.335	240	409	170	222	60	0	530	170	175	0	0	421	240	60	360	180	210	270	120	432	198
7.72095403123485	290	470	180	60	685	362.5	878	540	603	5029.5	530	1236	377	516	1457	1498.5	3161.75	120	1202.165	175	60	463	380	240	766	2654.415	120	660	240	624	266
4.52274409865371	240	219	240	145	426	360	1278	255	200	750	240	469	55	385	210	120	535	130	256	90	0	560	201.5	30	586	170	95	462.5	355	321	229
8.06123762445655	475	2697	300	4392.665	1462	135	310	2086.75	657	774	1770.25	3088.165	2410.585	21801.835	1082	707	1114	2637.25	2372.75	235	80	723	210	1328.665	2214.83	1284.835	30	2721.585	2844.5	2082	290
4.01734112018707	360	290	180	60	450	377	700	180	514	890	270	140	189	391	30	0	210	200	300	205	214	457	294	292	832	0	60	480	600	160	438
5.44964477898963	540	766	240	180	200	581	1781	420	483	1302	300	300	210	582.5	30	30	663	170	325	381	370	782	150	180	1296	205	175	720	600	290	534
4.94186418373277	180	240	180	60	205	405	842	420	580	1172	568	320	60	242	90	60	593	340	370	171	0	441	245	240	780	207	90	180	360	666	290
5.24574430624088	150	220	90	0	227	267	522	146	280	694	60	240	60	245	180	120	251	134	140	90	0	349	90	90	85	90	60	150	150	55	145
5.16304159623816	780	2620.67	180	902	200	411	1714.5	1004	285	620	1582	2953.165	822.165	706	210	0	737	300	688	150	0	604	260	480	1070	782	85	910	438	2666.665	301
4.64890617071194	170	360	180	180	225	200	570	234	305	452	290	1438.165	483	558	360	90	457.5	400	620	55	80	475	261	60	866	6013.42	135	120	354	600	494
5.0472371965408	540	120	600	120	175	486	1526	240	499	1072	120	0	106	412.5	150	30	601	240	249	225	155	659	295	120	540	170	270	240	180	0	401
5.34144869250864	530	350	60	226	315	443	610	540	482	816	420	370	115	462	60	30	471	230	140	85	50	447	325	240	600	168	60	480	346	470	280
3.56126196838995	300	230	60	0	323	584	1176	360	545	818	0	145	205	409	120	30	210	160	195	225	75	385	325	180	240	115	90	360	400	60	140
4.436476348574	150	180	300	60	200	504.5	590	240	353	436	240	344	235	415	30	150	531	220	255	175	135	421	355	180	902	259	180	300	240	290	335
3.92091832450651	238	50	270	90	261	471.5	2623	60	342	1272	60	293	90	512.165	90	30	1298.085	140	120	590	566	274	322	60	210	110	431	90	60	0	570
2.9030877876286	60	0	60	0	150	293	274	120	150	160	50	120	60	210	30	0	250	120	60	145	215	347	210	60	300	60	25	60	60	0	110
8.83571164771278	534	4736	594	6736.005	1265	189	552	2467	724	990	4590.335	9376.665	2973.415	22557.6	2130.25	1681	3225.415	4120.17	4171.5	85	50	1025	730.665	690	1842	7820.165	55	2330	1010	5420.335	401
4.19427963675485	300	60	60	110	348	531	992.67	60	319	530	60	150	115	275	0	90	301	566	60	574	360.25	507	400	420	900	85	140	240	120	0	374
6.28321302800274	960	2012	650	850	934	359.5	440	1330	388	1130	783.335	6302.415	2012.75	3903.08	409.665	325	1054	836	1913.5	524.5	126	870.165	523	540	1158	530	459.665	1008	704	1308	480
3.53597736946719	180	342	120	0	205	340	1544	360	344	864.5	0	855.665	391	920	270	120	1981.25	386	859.165	253	170	1212	504	0	768	3125.245	200	300	120	220	484
6.14066657395375	762	1636	780	2264.5	1036	264	180	1286.5	531	560	1084	4396.83	2190.5	8763.42	1029	1010.5	894	1318	2401.665	227	25	408	230	882	652	400	180	2022	1560	1340	325
5.10805839163207	180	1830	240	180	390	165	540	414	470	280	650	3637.25	558.5	922	673.5	30	1057	170	1037.25	135	55	1073	557	240	1124	5936.915	265	420	480	1040	444
3.37310650149563	469.335	790.335	180	450	290	310	2329	240	385	970	300	951.665	220	961	88	120	800.665	170	414	245	215	521	330	300	998	268	85	490	360	820	450
4.62133040344256	480	0	120	60	260	416	1678	60	479.25	750	0	115	60	408	0	0	281	286	110	752.5	215	260	330	170	582	90	295	0	60	60	205
5.46224368021594	360	344	120	110	150	169	1038	180	419	894	300	933	159.165	1963.92	315.5	0	973	296	541	30	30	567	437	0	360	1428.25	159.165	300	420	332	310
3.5795792435953	498	180	120	60	140	406	658	540	199.165	490	290	220	0	219.25	50	60	396	300	60	240	30	254.165	261	120	240	85	60	480	518	0	171
6.30994282337983	642	1588	234	452	321	255	1394	660	314	776	700	3714.25	1039	5919.745	265	30	1018	446	1882.665	150	170	559	261	470	1034	2102	130	300	948	1044	180
2.70014906920595	240	115	210	55	240	502.5	1342	90	510	1142	55	379	178	590	90	60	556	285	376	494	80	700	379	150	60	150	60	197.25	180	30	383
3.32897071566481	300	776	300	0	286	405	1924	720	770	1025	660	507	120	582	30	60	1022	494	210	190	80	681	330	80	638	300	120	240	408	470	384
3.63709788264379	416	230	180	120	296.665	606	1536	180	584	1412	290	280	115	490	0	60	314	50	235	265	302	467	470	180	420	140	145	60	360	60	235
3.54469292517636	240	60	120	120	90	232	658	120	175	350	110	210	60	135	60	0	360	0	90	268	130	200	90	120	480	60	30	170	120	60	170
10.214220647003	178	1627.165	420	2630.33	393	115	110	844.25	285	1530	1165.665	1412.25	1300.5	21669.92	582	3229.75	6037.415	1842.665	1216.5	231	90	453	90	358	671	2532.08	120	669.665	356	1517.5	320
6.75321035478411	240	120	150	234	199	115	942	298	255	520	180	115	90	1224	60	299	522	520	173	145	158	320	270	300	420	30	30	0	420	0	348
5.15685777147564	286.5	660	420	120	314	220	710	360	255	512	290	142	120	288	150	240	346	470	475	145	60	491	230	420	859.335	341.75	115	420	472	120	345
5.39443858101119	240	720	160	526	308	617	770.5	470	675	814	250	568.335	155	575	60	30	430	650	764.75	729.665	55	497	145	220	774	60	115	640	720	430	281
4.44621548530885	580	240	410	180	301.665	638	1046	180	488	730	120	324	140	310	30	0	1164	510	265	195	90	717	240	420	752	85	256	180	120	60	150
5.10124048337734	690	6062	180	7624	759.665	200	110	4655.5	533	1050	4562	7329.58	3550.83	15546.66	988	290	720	4995.5	3682.5	208	80	1089	538	1522	2166	6802.34	240	3820	2667	7807.825	235
3.04951045305572	120	180	300	110	288	395	1384	240	145	592	110	180	10	358	30	150	451	240	60	562	225	432	270	480	480	60	60	120	60	0	259
3.721143453232	420	30	148	30	203	425.5	1176	210	285	560	60	30	30	436.25	60	90	327	200	205	642.5	197	140	315	150	330	150	0	178	203.25	60	110
4.52748968610357	360	1962	240	480	467	395	530	960	533	1580	1448	1220	205	383	175	90	890	650	387	258	0	711	350	120	594	312	105	886	300	2410	270
3.05177937567131	120	120	120	0	180	370	824	120	55	464	0	60	80	309	15	60	315	240	30	402	240	175	295	0	550	60	25	180	0	0	270
4.90070137338327	120	60	118	0	115	280	534	120	134	810	30	120	80	303	0	30	375	90	55	210	25	199	200	180	238	90	60	85	113	0	175
8.61587676583057	650	620	540	700	1071	105	0	120	316	4827	1102	2566.5	861	553	1932.25	3312.585	4826	180	1903.665	285	53	779.75	270	1354.5	1384	11809.75	180	804	836	1458	280
6.92150728519249	406	2792.335	300	2015.335	1174	200	280	2370	462	1582	2285	5248.665	1575	4047.92	2137.33	444	762	1181.335	2895.335	223	55	1044.5	568	468	1940.5	4128.165	175	1340	834	3091	589
8.39673934231076	960	9884.83	584	13164.5	824.5	120	150	31808.835	623	648	8655.835	2081.165	2251.25	15600.985	1508.665	2233.165	3169.335	16648.165	1974.165	313	25	614	380.5	3031	3734.5	1683.665	60	8757.335	6544.835	9838	120
8.9564353767868	385	2767.5	647	5418.915	391	310	120	678	466	1110	1954.58	4887	5426.75	34602.27	2160.165	1927.25	2998.75	2897.085	4309.17	171	30	915	325	731.75	978.665	1035	270	1210.5	1308.665	2025	285
5.08662364009559	0	60	300	240	736	170	280	540	627.165	7138.335	280	650	393	646	176	120	563	386	1047	290	0	592	326	638	1014	1454.75	198	880	766	690	405
4.72620481835832	240	638	240	110	0	145	2308	540	372	480	120	1184	435	2505.415	177	30	1417.75	220	765.665	150	60	575	360	360	700	659	90	240	360	220	368
7.46768530325444	2298	12314.67	2115.335	24507.83	2312.5	467	470	7580.335	684	984	10907.835	3748.085	6547.165	27608.01	1848	1512	2351.335	17887.325	3663.415	330	80	849.665	205	4708.5	6454.335	344.25	60	16393.665	13787.5	11683.005	394
4.14836862466631	0	0	0	0	0	0	0	0	0	0	0	0	0	0	0	0	0	0	0	0	0	0	0	0	0	0	0	0	0	0	0
5.42728429533904	120	574	180	170	525	356.25	340	720	346.5	696	638	438	85	190	450	265	420	164	145	205	0	349	120	240	1478	150	200	770	1306	822	265
5.2900886029472	1006	1114	300	1248	2109.665	320	290	240	698	3464	904	1993	1496.585	529.665	2024	600	1321.5	480	2381.08	255	60	695	381	538	2130	3108.75	150	1170	1254	658	502
5.20717747897463	120	650	60	0	235	290	576	354	170	1100	340	1574.915	435	528	776	746	1729.25	220	715	85	80	692	413	240	1078	11576.825	175	180	60	330	235
3.83873807909466	646	170	0	60	150	335	1928	60	170	1004	120	240	60	856.415	0	60	1547.5	120	30	430	1010	647.335	285	120	180	191.165	300	120	240	120	110
4.34062113661521	0	0	60	170	30	60	222	60	30	60	60	120	0	134	10	0	90	50	30	0	30	143	55	180	60	0	0	0	0	0	30
8.30682024765923	406	2476.5	536	3356.5	2284.165	223	325	836	796	1987	1418	7483.085	3353.335	20550.16	1754	796	1798.25	2138.335	3901.245	566.5	55	1017	498	1184	1260	7277.41	84	1665.335	2051.335	1831	517
7.7557864418659	360	1735.335	470	1117	704	366.25	678	1808.5	170	966	1040	1246.25	693.5	5026.165	233	60	484	1290	1270.5	325	115	596	330	480	716	651.5	115	1276	806	1240.5	250
3.51583770639395	360	180	120	460	1062.75	240	280	300	678.5	1208	180	582	325	145	210	90	353	280	519	141	25	405	175	924	2103.335	336	81	712	474	170	219
3.80077631127265	420	230	420	50	198	677	2118.5	300	659	1234	110	260	130	453	30	30	730	394	240	432	130	376	370	60	300	197	90	240	370	0	292
6.05717503747126	240	110	180	240	200	368	1819.67	240	400	980	120	210	158.665	325	30	0	434	450	365.165	175	60	205	60	172	1078	150	55	120	0	174	514
5.0907546142196	480	290	560	60	150	90	2527.5	240	295	866	120	150	90	591	60	60	637	240	311	390.5	240	285	380	180	540	30	205	120	120	0	328
3.6927021383376	772	350	180	0	315	806	1608.67	420	644	890	166	290	203	570	90	30	647	410	286	302	55	611	299	60	660	115	80	60	420	120	410
3.86037069923515	360	170	180	0	115	195	880	60	275	412	120	270	30	359	0	0	599	400	254	386	190	253	180	60	528	55	60	0	120	60	405
3.8859900700063	180	0	180	60	115	220	1016	300	170	544	120	266.665	90	150	60	30	317.5	210	55	175	265.25	394	453	120	540	0	90	180	120	180	145
6.87884229815304	345	55	60	55	623	492.5	442	230	372	1658	90	175	292	262	60	90	400	215	284	445	145	541	288	240	270	172	90	120	240	60	260
4.8551815434186	710	840	360	170	278	371	1828	464	375	850	300	311	90	606	60	60	425	160	218	120	180	385	459	180	240	0	120	176	360	60	375
3.93354767856368	470	2402.835	480	2375.5	692	190	408	1445.665	831.5	748	1366	6486.075	1829.415	8142.415	1697.165	2578.75	3665.665	1980	2403.835	55	25	774	420	356	1981.835	4745.08	205	1484	1368	2453	270
2.0376457658968	540	240	60	0	55	461.25	1570	180	420	1216	110	324	90	295	30	30	619	174	200	263	105	570	255	0	820	90	120	240	360	170	372
3.85662656780777	480	100	476	60	170	1030	1850	180	493	1104	170	350	205	533	0	60	562	464	342	516	80	493	240	345	360	170	240	360	120	0	260
4.78974046251556	240	60	160	120	555	686	1080	180	355	2006.5	220	390	115	275	90	120	652	180	364	295	30	722.75	210	300	1078	289	150	240	420	120	468
5.35165076600535	410	3071.335	0	230	227.25	449	994	1186	293	872	1956	644.5	145	401	360	180	732	590	398	265	25	883	408	180	702	554	90	1046	420	2714	374
4.75973849288274	240	110	120	0	150	170	876	240	145	280	60	30	115	619	0	60	150	60	120	260	580.25	179	120	260	180	85	0	120	60	60	288
3.2858594792296	60	60	180	60	140	446	2070.5	180	529	848	300	223	108	446	0	30	540	300	170	552	190	487	115	240	480	211	210	60	180	0	120
4.34940723482807	600	2082	826	866	883	538	360	1244	442	1589	1288	2914.58	644.25	935.5	307	270	703	350	819.5	685	175	1026	545	480	650	400	90	716	656	1306	272
4.68964000261432	150	0	90	115	115	364	1154	150	463	690	30	60	30	270	60	30	526	145	260	520	235	410	447	120	180	25	200	0	60	25	200
5.68151130300997	1066	2206	870	1084	549.665	427	1642	1238	481	1244	1456	1587.58	1329.25	3246.585	270	300	465	1428	1444.165	205	85	693	370	956	1627.835	145	295	1706	2194	1568	415
4.88827555127485	296	120	150	120	230	673	1088	268	531	1147.335	120	378	209	335	60	90	351	343	205	320	50	844.5	115	150	210	150	176	240	180	90	493
6.86923428097111	682	4426	300	2173.5	937.5	718	750	1398	562	896	2256	2519.25	1273	2172.25	582	180	591	1132	1394.5	535	75	524	210	886	1416	240	225	3054.335	1488	2502	260
3.60791367470741	716	240	646	240	908	959.33	460	660	633	2533.335	450	595	614	471.25	240	60	335	350	809	455	30	749	205	240	774	210	166	550	420	110	407
4.74878989499485	360	100	300	50	355	375	546	60	505	470	60	210	90	279	0	90	446	410	85	785	210	150	205	360	720	120	60	60	120	0	435
7.45495429690247	412	3912.665	654	4058.335	1271.25	444	742	2888	837.5	1304	2330	2135.665	2810.085	14676.925	1460.5	3469.75	4196.835	3522.835	2579.665	579	239	950.5	434	2212	2778	657.75	280	4280	4626.5	3745.83	240.165
4.55483485366096	480	1742	180	160	485	544	570	1562	722	960	1098	2192.83	1306.415	1719.835	327	180	805.165	874	1136	168	55	1189	285	300	2089	594	120	1134	935	2268	388.25
6.49390738328265	420	4433.835	776	5030.665	630	205	120	3661.5	415	568	3292	3489.415	2288.585	10797.66	647	120	395	3550.335	2411	265	30	664.75	330	830	1930	1502.5	60	3321	3004.5	5459.5	425
5.60925382271274	292	1886	470	1218.335	636.165	513	608	742	485	600	1716	3606.335	1501	4565.585	1458	408	911	1006	2136.165	232	0	680	507	840	2318	681	180	1409	1731.335	1238	290
2.58971476289963	600	120	240	60	120	840	1634	300	597	780	120	278.25	240	564	0	90	438	280	175	410	165	200	527	120	360	208	175	180	120	0	330
2.97887345898613	150	60	30	53	368	503.665	406	60	264	632	30	60	90	190	0	0	300	60	80	567	230	435	230	60	120	60	75	30	0	0	322
4.75425419474508	360	4075.5	600	3637.67	1019	200	120	1811	597	640	1972	2026.585	1535	11856.25	848	30	465	2257.335	2252.83	55	80	777	115	660	2098	2021.75	167.5	1536	1736	3698	255
4.65610614153772	480	962	360	506	312	240	612	466	380	290	680	1724.75	353	859	180	120	395	350	861.165	30	30	350	465	360	660	145	90	420	420	700	255
3.32145262959544	600	290	300	180	270	197	340	586	240	1442.335	404	60	110	250	0	30	195	395	230	462	190	438	373	240	776	205	90	120	260	0	230
2.77989943374722	180	338	360	222	120	369	1063	420	225	490	240	147	30	360	176	30	295	60	88	380	271.665	320	203	60	180	225	30	180	120	60	204
4.88050876500613	270	250	30	0	145	290	722	230	457	636	145	145	195	394	0	0	444	200	340	295	135	353.665	475	150	330	120	120	230	150	30	224
7.46489715216955	700	1177	480	728	538	312	450	720	314	890	788	1643.25	884	1937.25	270	300	974	350	1036	60	55	489	325	540	930	195	115	1501.335	1054	952	85
6.546295333734	240	2641.335	240	5265.5	1015	310	120	1638	690	1941	1784	4663.41	1604.165	12055.67	2130.665	2028.75	3188.75	2122	1872	140	82	741.25	320	300	1560.5	5957.835	145	2110.5	1513.665	2650	205
3.949676433339	360	120	420	30	110	406	1854	360	429.25	924	0	150	55	380	90	0	275	170	115	390	210	491	290	350	360	60	295	60	0	0	180
4.26616464325488	180	180	346	160	320	443	852	480	260	870	120	180	30	380	60	60	323	220	287	648	733	262	360	240	540	145	175	120	60	0	380
4.27737628345625	752	682	540	1140	321	499	728	776	640	820	592	678.5	372	2205.835	0	60	565	932	230	270	30	473	328	1118	718	85	115	1698	1530	290	230
2.8857723077346	210	85	60	30	235	185	2794.67	60	340	960	0	484	180	755.415	90	0	645	120	300	145	140	601	648	150	384	150	150	30	80	30	370
5.95023231220064	60	180	60	120	332	245	330	270	440	5681	50	226	145	603.33	445	150	1855.665	350	225	282	1088	347	473.665	180	180	255	1144.585	180	240	290	541
2.70731326296332	480	160	648	120	170	440	1674	60	345	675.335	110	150	95	225	90	60	405	50	120	400	254	215	300	120	410	60	60	60	120	0	318
6.16624419339142	300	1724	470	1342	891	440	541.335	780	394	794	864	3168.915	1831.665	7515.915	180	120	659	1218	1864.75	175	30	689	300	360	780	749	30	834	1574	800	203
4.59292096972157	540	260	180	240	340	720	1180	294	626.5	1838	170	227	30	458	180	30	405	240	235	555	60	558	315	420	480	200	235	60	480	0	292
5.13543366464654	180	290	60	60	150	165	670	360	200	754	180	60	30	266	60	0	256	346	90	120	30	210	150	120	180	55	30	120	60	120	145
4.83069370293597	470	240	180	110	340	590	552	300	465	1460	1110	1478.5	487	585	1765.25	654	1000	290	734	192	25	664	682.5	350	1260	4969.005	372	838	60	980	542
4.96531744445906	300	205	90	60	210	675	2449	90	610	1110	140	373	160	559	60	60	932.165	115	411	460	325	685.75	344	240	300	175	85	210	150	30	435
4.99329108241851	540	922.335	240	518.335	304	417	220	840	253	652	884	1178.165	145	1575	185	115	589	510	453.665	90	115	578.665	240	600	776	150	260	760	518	1468	289
8.8304947638387	180	2313.335	352.665	2212.25	996	194	170	3768.25	412	2803	2060.5	2135.245	1975.915	6695.75	1257.915	390	798.33	1693.5	1848.33	287	30	486	228	801	1331.165	1390.915	115	2121.75	1780.415	3810.67	230
5.48357004008581	292	380	240	224	135	601.25	460	780	525	700	680	266.665	85	303	120	120	617	230	278	370	126	342	205	420	584	120	115	536	760	560	264
9.06394024552881	1627.335	1012	1602	1886	2183.665	175	280	932	425	2870	1106	4776.585	1484	630	2204.665	6541.42	9376.335	524	3348.75	205	130	518	270	2073	950	5440.5	90	1674	1880	590	466
5.32979180850778	180	2653	360	3089	1003.665	80	160	2262	443	1138	3374	3441.665	1758.75	7498.995	1706.835	573	517	2296.5	1622.165	236	105	664	357	886	1736.5	968.835	55	1735	1603	3061	270
2.88961313688266	1110.665	1040	480	350	369	682	1242	940	550	1494	1254	933	300	558	90	90	440	350	333	268	183	764	200	180	1192	260	215	710	240	1390	465
5.07998068122005	420	300	120	60	204	255	1330	120	200	360	180	325	210	455	0	0	352	100	222	30	135	665	264	60	720	235	110	180	180	170	436.665
6.93988988719891	716	3005.83	606	3241.5	2042.5	250	110	1750	563	3146	2939.5	8788.665	1846.75	1477.25	2724.83	649	1350	679	1961	180	50	737	269	849	2551.83	1056.915	60	1770	1620	4013.17	490
5.40351261855058	652	300	532	110	145	145	890	420	265	928	120	210	85	568	0	30	727.665	120	360	367.5	281	355	295	360	660	145	110	240	476	0	302
2.78897867021938	326	180	130	30	403	709	1696	150	698	776	90	285	180	259	0	60	886	135	319	582	239	650	430	120	474	210	110	60	90	60	587
4.37117105045249	180	110	120	0	150	360	1350	120	258	770	160	120	85	315	150	90	562	120	180	395	165	255	352	300	420	30	60	180	60	60	290
7.11067449009178	592	230	300	60	380	305	460	300	348	2659	350	443	524	290	1292	628	1158	752	604.5	205	105	827	630	644	1068	724	60	352	180	0	525
4.37296192404333	474	240	60	230	506	195	642	420	584	1988	534	282.5	115	369	171	120	670	180	150	110	30	557.5	204	120	1058	200	210	540	360	682	320
5.10153576541188	240	60	298	110	175	170	880	520	345	530	100	55	235	335	180	210	480	340	200	270	175	265	135	240	360	90	165	120	180	170	194.165
8.69244985048807	120	2138	822	2775.5	819	220	312	1915.335	600	360	1072	3869.83	2292.415	6031.255	240	319.665	587	1244	1828.165	232	75	491	180	770	300	318	90	1074	950	882.5	325
4.22860953987399	300	180	352	240	145	356	1599	360	421	700	360	260	175	435	30	60	291	290	132.5	280	60	483	150	180	346	50	248.75	180	240	0	85
5.17368058504154	86	80	30	60	115	135	208	0	150	720	30	300	30	80	0	0	180	85	84	235	0	171	60	30	30	55	60	90	30	0	175
7.02127591015207	1004	5285.835	1308.5	5694	1336	470	694	4111	505	630	3747.5	2134.5	2195.165	14368.5	620	990	1066	5969.5	2201.08	410	105	488	290	2160	2174	293	120	4237.835	4578.835	4471	309
5.35478039977803	240	400	505	795.165	781	270	330	450	308	566	425	1718.25	640.5	4009	1137	2730.915	3586.665	452	1357.25	175	55	495	257	535	575	1437.665	118	538	586	228	205
3.16978641592952	360	280	530	740	1603	200	230	540	326	3197.335	650	469	441	340	707	300	318	360	795.165	339	161.665	311	230	1020	1348	404	90	520	1334	110	206
4.61026916407591	770	410	60	400	405	259	878	344	426	1279	230	475	290	391	90	0	441	290	255	293	71	529	524	406	1476	115	140	570	850	170	295
3.94205062979426	600	180	600	180	290	542	1301	420	619	1446.5	392	240	55	809	120	60	415	420	531	175	110	470	245	240	828	30	90	470	480	0	200
4.13560246172197	90	30	0	0	60	50	170	150	90	334	30	120	30	317.5	30	0	260	120	60	90	80	233	173	30	60	85	60	0	0	0	265
3.3850663059639	420	110	360	60	270	725	910	706	566	990	180	292	185	469	60	60	647.25	390	145	317	149	850	327	232	1126	135	260	960	1058	300	538
6.51932795008608	0	230	120	180	150	184	370	180	145	396.335	120	295	240	255	210	60	602	390	252	30	50	293	240	120	240	766	60	300	60	120	165
4.1968650488125	772	2337.5	840	1036	924	424	610	1974	417	748	1422	2429.085	951.75	2025.665	347.5	180	551	870	1530.33	156	55	622	366	724	1518	115	145	2817.5	2022.335	2314	325
5.21894401813693	175	325	176	60	90	180	1566	270	364	1046	195	403	120	429	180	0	507	150	300	225	245	486	419	150	180	180	85	230	112	170	347
8.1582213258573	240	1890	180	1812	356	160	180	978	352	518	1226	1578.08	1415.75	14158.585	812	3988.58	6695.67	1022	1256.165	145	50	290	145	584	1014	3949.5	85	694	720	1889	120
8.84843175623884	410	9864.165	934.5	14299.175	616	297.5	210	14537.995	535.5	3220.5	12017	4471.58	1987.25	15613.245	1973	1560.165	3210.915	12557	1964.83	140	50	687	554	2375	5235.5	5321.33	200	10347.675	5308.835	23220.67	335
4.70386644473293	150	30	90	30	60	151	770	60	83	634	25	30	30	290	30	30	320	0	55	301	461.335	83	171	30	120	30	235	60	0	0	205
2.55419053448206	600	638	120	60	235	285	1610	480	435	682	330	409	380	1029.835	90	150	730	400	268	450	259	283	265	470	816	30	60	420	240	170	200
6.2257547431095	120	230	0	60	665	217	500	360	381	1007	240	1024.25	339	666	1124.665	360	1062	290	754	30	0	785	415	120	1620	2060	285	60	180	882	750
2.28733794373367	240	0	420	180	175	135	1170	300	289	812	60	30	60	370	30	90	160	180	150	230	165	284.585	230	300	240	85	120	120	120	0	377.5
3.54227874307614	420	350	420	170	215	538.5	1332	360	466	776	230	180	205	390	210	30	784	220	190	582	165	587	407	120	830	258	285	0	120	50	703
4.22296788830237	300	370	470	0	295	364	495	420	447	1017	230	150	30	195	30	90	355	110	262	280	25	223	82	120	830	55	120	536	300	100	220
5.62499897384883	418	272	540	0	257	604	920	232	425	2781.335	230	203	90	265	467	150	566.665	230	277	115	140	565	380	540	600	145	115	360	466.665	400	303
3.04544582079783	300	290	240	120	235	254	782	300	436	744.335	290	350	175	408	30	60	546	360	199	223	85	436	381	120	772	400	60	300	0	360	399
4.4649427102691	952	684	660	180	309	515	1048	578	545	820	340	710	205	601	120	150	810.335	590	448.665	180	108	1050	175	410	772	205	90	410	780	230	475
5.16079803264565	330	949.5	265	808.5	590	100	590	388	235	440	355	1444.75	1565.5	4228.5	180	120	438.665	610.5	1244.5	120	85	465	382	489	534	200	60	980	920	633	200
3.88303385090653	600	856	120	60	373	659.33	975	996	484	840	570	560	280	675	120	90	497	330	367	265	96	612	290	120	1329.335	259	90	240	360	1080	335
4.51692661379403	600	120	300	180	120	170	1284	612	278	634	170	145	160	180	30	0	294	240	145	120	0	200	145	650	590	60	90	540	292	0	235
6.31752382802451	240	300	190	160	306	384	110	240	391	934	280	300	115	525	30	60	305	502	290	168.75	85	316	355	240	630	205	83	360	180	512	355
2.92061694803635	240	120	360	110	150	572	1207.5	180	320	890	230	300	150	370	0	30	504	240	175	120	0	347	374.25	180	778	140	60	240	596	120	456
5.0868306100409	263	200	30	115	319	268	550	142	628	410	290	330	180	554	90	60	745	316	325	85	25	541	385	30	738	205	90	300	270	315	379
2.81607556290143	480	230	480	230	30	255	666	0	256	672	0	30	60	452	90	60	253	120	150	315	110	176	272	300	464	30	85	120	60	0	253
3.29585538435138	290.25	30	60	30	90	569	504	150	350	810	175	350	170	447	30	30	522	150	325	30	0	564	205	198	610	233	85	200	210	110	375
8.03509106966936	180	1648.085	327	5172.585	584.335	140	60	3375.335	173	230	1404.415	706	1621.835	10869.995	421	692	644	3294.335	1563.75	90	90	355	202	647	588.5	1057.75	145	875	1823.665	365	160
8.95301872213004	1430	6511.17	1295	8654.165	1049.5	335	270	4369.5	542	696	5314.5	2327.5	2173.665	8758.335	473	739.665	1434	4953.5	1691.5	315	135	696	385	1874	2096.5	150	136	4127	2566	5350.17	308
6.72043605462587	320	1642	120	350	1324.25	300	610	630	495	1110	916	2464.25	621	447.5	2291.915	240	771	480	1087.665	120	25	1096.335	463	260	1414	9411.835	150	838	360	1486	400
4.2180260934254	60	0	60	120	280	474	280	60	210	770	60	209	30	181	60	0	270	90	85	313.75	80	547	257	150	150	30	110	90	30	40	196
8.41580145638604	712	1040	617	866	2618	442	620	670	600	3557.5	1048.5	6857.83	2327.915	489	2187	4596.5	6488.745	360	4555.415	180	55	750	290	670	1203	4886.08	85	952	1058	985	361
4.71441016678045	300	110	240	120	297.25	702.5	2576	300	618	1030	0	150	205	605	0	90	1078.25	500	160	435	240	396	405	120	360	120	30	300	120	0	423
6.5118448789243	0	0	0	0	30	0	0	0	0	0	0	139	30	75	30	30	35	164	53	0	0	0	0	60	60	0	0	120	0	120	0
4.99828602141505	90	145	115	0	150	85	1097	180	200	650	110	599.665	260	2346	142	90	500	140	588	90	125	603	170	150	120	173	80	267	390	90	180
4.98765662852585	420	0	300	60	310	290	680	360	473	720	120	145	57	187	30	30	339	300	90	175	110	367.5	221	226	540	120	55	180	240	0	225
6.03924586923403	420	2295.335	654	1142	645	262	930	2011	491	884	1212	2702	1102	3529.58	899	210	510	1192	1478.5	205	30	587	325	656	1584	828	90	2050.665	2060.5	2117	145
5.14917329936008	180	312	30	80	495	753	580	90	285	770	150	439	145	482	60	30	634	304	331.335	150	115	516	285	175	476	360	120	239	314	85	223
3.99184476561766	120	0	60	25	180	140	290	30	85	520	20	57	25	140	30	0	90	0	55	219	135	114	180	0	160	0	120	0	0	0	180
4.13746391579104	0	160	416	50	354	490	834	60	311.165	960	120	116.25	60	401	30	30	710	476	168	857	469.5	373	418	300	420	90	684	240	60	0	270
10.6209248256617	836.335	2982.915	1119	5541.165	536	110	280	2511.915	477	1490	2316.25	2073	3171	29307.33	1382.665	3007.58	6686	3668.585	1745.165	215	165	766	345	1061	927	1451.165	120	3065.165	1882.25	2180.585	235
4.01914227357372	476	1988.335	408	1904	951.5	605	340	1020	365	939.335	978	5103.58	796.5	525	300	270	664	352.5	1116.75	120	55	732	360	780	898	268	180	2225	2110.5	1804.335	432
7.0008666796059	704	5217.335	360	5140.84	1216.665	240	360	3320.165	668	808	3861	5685.835	1455.415	10919.17	1058	173	449	3603.835	2258.75	175	80	1311.5	662	1018	2191.835	2666.665	60	2340	2636	4375	170
3.70980522495801	300	1510	300	2247.665	1250.5	265	160	400	417	1148.5	740	5457.995	1579.25	2215.08	620	90	408	1050	3010.415	145	75	683	370	652	1069.335	2688.33	114	1172	1116	1688	278
3.0650530912607	600	1136	60	120	355	570.5	1048	812	605.5	968	690	535	240	576	150	150	778	440	325	290	30	737.5	526	240	714	360	195	660	360	1080	500
5.09265757957365	418	952	240	220	1102.5	275	210	1229	656	1695	1174	1189	225	482	984	240	597	320	481	235	0	723	295	240	1576	140	90	1188	598	1548	575
4.76638897066376	240	60	120	160	280	300	640	60	269	267	60	60	0	191	30	30	360.165	120	80	344.5	210	290	90	240	180	60	220	60	60	60	297
5.8592351636444	330	180	180	30	235	465	1988	150	459	620	55	150	60	654	60	0	756	200	235	342	270	470	435	150	420	150	120	60	87	0	344.165
3.0296939900864	1234	2649.335	476	440	488	876	832	1164	373	910	1210	1037.5	398	617	30	30	916.5	524	692	502	220	670	293	360	758	60	297	1136	420	1170	529
4.66248486539572	240	240	0	300	680	230	160	240	354.5	1411.335	380	641.665	115	565	145	0	354.165	60	445	120	25	533	266	540	1853.335	697.5	30	540	120	1688	308
5.13816328564909	752.5	2804.665	240	2471.335	1204.25	325	120	1556.5	425	660	2168	2356.75	640	2221.5	1374.5	643	1522.335	1491.5	700	409	25	669	646.665	1475	4892.5	462	115	3088	3542	3524.5	327
7.53800259507302	408	4413.5	582	7059	708	80	280	3313	415	510	3534.5	3612.085	2366.915	11798.09	1330.25	1719.915	2996.75	3369.335	2375.58	90	110	581	610.665	1346	1732	2088.165	150	2666	1428	6922.5	205
3.89341494435355	264	55	60	30	120	547	814	60	175	680	140	265	145	220	60	30	203	60	173	328	0	465	205	90	180	90	30	180	90	30	256.5
4.01499827865566	480	120	120	120	145	395	1230.67	240	265	1186	180	170	140	300	0	60	265	240	90	150	25	439	438	240	410	60	140	540	350	60	557.5
5.89702885982359	698	682	180	1326	690	190	110	300	378	1660	798	6364.59	765	322	2110.915	747	1283.665	650	1502	90	90	530	591	944	1538	4648.165	140	1102	946.5	1542	552
3.12312674876298	200	590	350	0	266	464	1016	480	392	742	420	385	60	326	180	60	573	300	240	90	30	439	375	300	750	287	55	530	404	530	313
5.00576981013589	400	100	180	120	145	236	1702	418	353	946	180	30	90	670	90	60	305	230	120	388	454	140	390	300	770	180	90	0	180	50	258
2.84447324221185	360	160	300	120	120	335	600	230	279	788	0	275	145	320	120	30	435	240	235	377	130	487	208	240	420	280	60	172	120	120	317
4.21065391995579	90	166.25	30	60	180	265	510	120	205	600	30	115	60	115	30	0	208	90	56	30	25	140	233.75	90	120	0	90	60	150	30	150
10.2022912992534	878	3568.5	928	7364	1067.5	140	340	3880.665	360	1316	3552.665	1350	1720.75	19417.735	676.5	2485	2996	6333.335	1911.25	375	245	449.165	326	2760	3083	245.25	831	6134.5	4158.5	2748	494.75
2.82025921218887	706	350	180	60	235	637	1510	360	429	1568	410	225	150	682.665	30	120	530	510	285	165	102	851	295	229.335	660	210	90	300	240	180	349
4.54582031383296	210	562	150	120	518	225	452	651	135	290	417	876.165	175	247.5	60	30	295	145	295	325	55	258	305	130	180	90	60	449	240	576	325
4.17786582807534	420	120	60	120	471	748	604	60	731	1446	100	140	80	515	30	0	1139	120	150	524	753	740.75	265	60	420	30	2816.75	60	300	0	466
4.67914993563594	60	30	120	90	60	103	180	150	145	394	55	180	60	135	175	240	367	55	270	195	25	321	375	60	208	347	30	0	179	25	205
3.8085340706031	300	180	0	180	296	812	2328	180	610	626	60	90	210	568	120	60	669	590	357	587	55	568	170	120	600	120	175	120	240	60	350
3.75091836946327	540	520	236	60	390	449	1796	540	315	1020	450	787	142	559	796	268	900	230	180	30	80	510	240	240	1450	602	180	360	468	1064	460
4.36771407185665	120	60	120	60	290	340	728	300	339	744	100	150	120	303	90	0	485	240	110	300	165	325	374	180	480	145	143	120	120	60	205
4.52275691240881	1122	2802	1696	1904	1256	194	1030	1152	585	1904	1736	4246.245	1869.665	1282.08	300	270	627	1546	2624.5	399	110	517	400	2198	2136	4210.75	270	3092	3188	1288	551
4.26547807111818	30	60	0	0	0	0	0	30	30	0	30	0	0	82	0	0	0	0	0	45	30	60	0	30	0	0	30	0	30	0	0
5.54238056811475	292	311	145	60	480	382	540	240	467	940	205	738	253	501	502	145	682.25	180	629	173	80	708	180	150	380	523	0	237	180	449	362
6.21500701884286	120	410	60	180	512	115	230	510	504	2510	352	705	310	250	1109	180	450.5	270	717	145	30	742	390	480	1468	6659.5	80	900	540	640	308
6.86773504629828	270	1166.75	295	1325.5	1137.75	324	290	932	617	966	1150	3576.245	1974.5	12562.43	693	120	325	1136	1543.915	165	115	661	210	712	683	547	135	1402.5	1372.5	734	375
3.03172663377737	300	60	572	0	227	573	1522	180	335	856	60	264	30	536	90	60	568	330	140	348	110	453	342	240	600	85	60	0	480	0	308
6.00388459796769	360	944	420	1520	295	150	610	720	440	732	844	5041.665	869	3676.245	710	492	1228	700	1179.25	60	55	477	120	654	1225.335	2114.5	198	636	804	1134	251
3.92693132216126	120	85	60	30	90	243.25	2412	60	355	668	0	565	90	661	0	90	1025	110	360	430	155	367	265	150	270	348	90	0	90	60	319
7.15409178237243	420	6679.835	360	5911.335	1675.415	110	290	2846.335	877.25	1286	4686.835	11587.845	1737.665	6630.17	3169.915	805	1171	3499	3477.25	291	60	1163	642.5	1864	3677.335	5567	205	2578	3501.835	8580.335	339
5.61383223799126	240	236	234	180	150	215	664	120	202	674	0	115	30	180	30	30	90	290	180	180	130	328	203	360	360	90	30	226	300	0	235
2.84364404873679	300	2551	210	290	852.5	688	1348.5	1304	770	1256	1207.335	570	180	370	60	60	550.165	340	285	353.335	160	370	418	240	1002	150	229	1210	818	1516	320
4.45865833917725	90	60	60	60	304	190	550	240	235	350	0	85	90	165	30	30	235	60	60	576	315	278	306	120	772	60	180	120	120	110	330
3.77837160560305	360	646	360	180	168	340	1045	534	320	804	520	625	120	344	60	30	682	350	210	210	25	483	265	60	480	30	60	300	180	390	349
4.53335297265713	418	630	60	50	377	390	1418	360	360	1108	706	285	150	451	60	0	744.5	60	339	175	45	527	480	0	360	145	85	420	120	530	426
6.0489477693031	180	240	60	110	235	430	718	60	316	626	220	412	322	437	120	0	371	230	205	266	80	633	180	0	940	282	90	176	240	110	424
5.33318969686562	888	2860	1540	6098.5	1384.165	260	350	1574	600	1136	2467	4960.67	3391.83	7625.075	1788	644	1293	2158	3391	150	80	378	435	1648	2626	1045	90	3663.335	2974.5	2616.335	571
7.01758230491541	360	3417.5	857.5	5538.835	650	60	120	1068	256	810	2400.335	1620	2434.585	16310.585	1302.25	1345	2780.755	3741.335	2366.75	205	25	587	180	858	1146	2615.75	30	1885	1328	2030	219
7.27502791844573	534	566	824	852	1256	243	310	180	420	4488.335	974	4353.83	1214.665	690	2012.415	5382.58	8802.665	420	2702.25	180	157	666	288.25	890	1006	7918.67	145	1122	780	1110.335	363
4.51023458601998	120	80	150	80	30	200	1582	30	252	402	58	180	147	432.5	30	120	240	90	250	196	155	378	260	0	210	90	115	0	60	0	195
6.00913745718515	120	180	0	180	770	170	220	110	569.165	1712	472	1310.415	706	280	2811.415	1462.5	2315.25	50	1200.5	90	30	712.165	830.665	294	1922	16624.01	60	300	510	680	777
4.84191679476012	1182	4735.165	1062	8293.835	1870	309	250	4972	523	620	3897	1568.5	1847.835	15550.425	794	323	327	6219	1578	320	40	560	230	4012	3222	355	120	4867.5	7567.17	4431.5	270
4.017797335453	360	2415	600	726	495	200	622	840	325	566	1324	1735.665	1068	2528.495	505	90	498	1034	1532	200	75	627	450	1054	2375.335	1739	223	1680	1338	2690	335
4.49328733495879	480	300	420	0	415	421	400	120	259	1381.335	60	185	320	535	60	30	573	410	265	287	471	434	145	540	696	90	240	240	294	60	316
5.05790048656337	646	508	660	638	395	330	1215	480	457	650	280	349	658	1017.835	60	0	330	580	407	493	258.335	351	150	778	180	80	0	360	526	60	248
7.50467786178507	714	3662	1152	4888.5	1874.25	240	350	2172	1207.5	1044	2474	11719.165	4849.335	20832.67	2927.915	5699.08	7907.165	2868	5806.915	180	110	1251	285	1254	1644	5112.835	235	1596	1145	2433	370
3.22550977150424	540	218	360	120	324	501	2322	180	342	1306	374	210	150	487	120	60	633	340	205	200	100	655	210	60	540	150	90	370	60	0	402
7.33344449417884	414	2298.5	706	962	1442	165	280	1020	1271.5	566	2232	10582.33	2709	3675.25	3770.75	3243.665	3966.165	1459.335	5032.415	110	105	888	360	476	2728	23853.735	65	760	702	2631.335	315
3.54470880766902	575	1707	298	561.165	849	671.5	550	977	485	1220	1223	2278.75	489	725	175	120	575	436.165	752	289	90	481	270	382	752.25	140	180	1493	759	1208	260
7.02529472941849	1012	3947.335	590	1514	670.25	276.665	744	1360	611	1304.5	2494	7727.665	2857.335	17199.17	1066	901	2006.75	1224	2875.75	115	140	1038.165	660	652	2348	545	172	1918	1504	2915	480
5.48994754669477	120	240	180	170	235	191.25	340	240	313	580	50	180	30	313	0	30	395	110	90	275	60	60	87	180	420	0	0	180	360	350	256.665
7.65803392857458	360	6086.505	180	6910.165	591	200	168	3611.5	368	1172	4854.335	6407.575	1626.25	11449.255	1517.665	597	951.5	4179.5	2627	175	115	932	430	918	2522.5	3201.165	60	3386.17	2642	7667.835	306
5.32990493469435	420	300	300	120	199	583	768	360	385	676	460	385	145	327	150	30	616	460	436	175	156	985	505	240	1142	175	120	450	358	430	464.165
5.66573267571523	550	2300.335	720	1086	619	405	1104	1206	460	1206	1279.5	1891.25	1340.75	7105.83	674	265	909.25	1080	1372.665	681	296	435	475	1412	1558	171	1281.165	2972	4444	1556	470
5.27411432159987	524	1760	418	860	598	308	390	852	345	1022	898	1193.25	658	1331.5	330	90	435	560	901	312	50	325	205	822	1070	265	120	1584	1883.335	820	150
4.4091972719843	240	180	240	0	0	270	1110.5	360	120	744	300	120	60	353	60	30	558	280	170	315	282	120	134	296	540	60	150	180	300	100	227
3.54079119396222	60	0	0	30	30	0	60	0	25	0	0	0	0	0	0	0	124	0	30	30	60	0	60	0	90	0	30	0	0	0	30
5.36604890956124	540	220	360	180	259	322	1862	180	707	1050	360	407	55	621	60	90	1268.75	300	257	90	135	943.5	360	360	528	405	180	420	210	170	310
3.80848970827824	420	110	120	120	146	550.33	660	60	369	570	160	206	30	220	30	30	362	230	80	720.5	125	354	390	120	580	130	60	60	60	50	205
5.25625528051538	90	30	30	30	445.5	190	320	0	310	480	60	180	90	167	0	0	285	105	0	140	210	270	390	30	90	30	143	0	0	30	359.165
3.25904224454622	600	450	0	180	165	482	2254.5	240	568	630	230	203	0	466	0	30	775	330	205	522	190	360	325	120	540	140	223.75	120	60	0	377
3.15545880794295	300	2376.67	180	2046	925	105	120	896	270	1052	2046	3708.165	888	942	240	270	835.665	460	1235	175	55	510	606	928	1912	259	90	944	1945.335	1788	489
3.03089910775536	300	240	120	110	358	517	860	420	731	962	0	521	145	627	60	0	2586.5	230	275	410	640	1108	415	414	634	279	425	120	60	60	341
8.65411894168521	120	1621	60	1966	437	110	350	1122	517	1490	1326	4675.5	1526.665	15070.075	1993	913	1967.665	1042	2043.25	55	85	1130.165	730	300	952	12495.91	171	420	656	1543	219
5.08980377358982	360	696	60	50	55	278	1466	300	429	680	260	482	0	477	210	30	1347.5	170	584	175	140	576	265	180	770	795	294	234	300	340	195
5.59903658489199	450	1874.835	1120	1778.5	981	235	270	840	365	750	1314	2524.5	2805.665	5990.235	450	210	807	1678.5	2381.835	240	100	725	215	1190	988	471	140	1116	2300	986	230
8.01976245425331	1128	2788	1401.335	6951	604.5	115	180	720	425	870	1970	4255.5	4793.585	27073.585	1142	1638.915	2658.835	3192.335	3929.585	325	178	323	120	840	1074	983.5	120	1503	1738	2083	233
6.93087934497306	120	290	120	360	793	165	350	360	665	4761.5	570	3125.665	698	470	2407.25	655	2039.585	420	1491.83	150	0	772	1059.165	976.5	2248.5	28011	150	710	660	956	764
5.6005585637209	140.25	115	30	90	167	280	630	150	165	900	145	385	140	465	210	60	717	90	435	176	125	573	473	90	203	675	180	60	180	180	471.75
5.1724082787797	166	180	260	230	240	384.5	1010	180	310	1010	290	227	30	131	90	0	601	340	145	142.5	30	701.665	260	180	676	30	155	360	0	0	310
3.35486142845181	582	4468.665	360	5615.835	1332	255	170	2568.335	135	1290	2605.5	1580.75	1355.085	7375.92	1065.75	745	1331.25	5586.335	1328.415	265	132	120	180	1186	2324	257	175	4343.835	3350.5	4829	170
6.74018537949119	646	120	342	240	1303.25	190	100	180	365	4869.5	230	300	548	133	700	60	464	230	539	90	85	491	455.665	1234	538	1464.25	0	588	1012	120	260
5.31219413725324	800	340	560	0	411	1007	980	360	310	1162	120	235	245	275	60	30	420	280	430	385	85	588	175	300	600	80	256	639	720	120	392
10.1993721421756	630	3671.335	790	4564	1253	255	120	1572	519	584	2108	5154.745	2674.165	9304.245	1547	389	719	2025	2596.25	175	60	735	295	1002	2348	833	90	3021	2782.5	2526	280
4.58608613845162	960	1812	878	410	536	493	1060	1096	512	1186	580	494	312	503	90	120	1199	360	487	525	50	589.165	240	300	598	90	270	1111.5	1054	530	210
4.4637794177961	420	230	180	290	175	589	1134	300	573	1082	200	202	170	573	30	90	501.665	526	210	798	326.5	440	140	60	360	55	221	120	240	60	559
5.46083154603453	929.335	350	380	120	1092	641.25	440	600	534	1490	458	1340	545	653	120	30	424	280	815.5	537	50	920.75	823	720	1752	470	266	933	1136	380	463
5.87971002216018	360	508	240	120	240	356	876	120	544.25	1130	60	144	180	306	56	60	592	458	245	350	80	566	240	150	900	90	25	464	480	180	244
5.31616219625566	60	120	180	60	779	125	368	500	90	1628	310	295	145	405	240	150	165	230	459	115	25	110	353	480	890	200	60	360	702	220	115
3.9878287498363	120	540	120	60	140	225	710	240	309	652	570	350	115	371.25	578	120	525	310	275	30	164	254	65	240	652	2091	110	410	60	568	334
7.35855060428657	660	5108.5	600	6080	1629.25	303	154	4597.67	876	2132	4865.335	9795.92	2828.085	20547.505	3400.5	1046.25	1352.665	6731.5	4249.16	105	0	1277.665	647	1174	4359	11970.99	85	3372.335	2914	7657.5	692.165
4.4748165959391	240	110	240	110	820.5	80	330	540	200	1614	294	60	50	380	60	0	95	60	240	120	100	200	355	350	530	260	0	120	300	60	168
6.90879873439314	326	224	240	60	145	516.25	1932	238	485	1260	90	120	85	617	85	30	809	115	235	300	115	485	368	0	270	200	85	120	60	30	368
4.37410408398414	360	120	280	180	380	1015	1058	288	727.165	776	350	180	180	410	0	0	814	160	355	320	30	633	200	468	588	195	145	754	698	110	275
4.94051214122475	352	0	240	0	235	423	528	120	259	240	0	60	55	245	60	0	235	390	142	508.665	252.75	170	140	0	240	30	148	0	180	0	375
3.44011516432124	180	60	60	0	85	200	610	120	130	470	60	210	145	135	60	60	406	180	180	145	50	198	90	120	420	90	162	0	0	0	255
3.45542827374816	209	664	210	85	229	613	1328	772	593	968	573	337	210	541	355	0	797	140	440	466	110	595	397	120	583.665	180	115	498	60	925	378
4.34246686404711	238	736	120	390	230	30	1730	300	285	530	222	590	150	493	120	120	771.25	340	255	110	110	274	180	440	590	175	30	480	414	330	505
5.18471576400251	300	0	180	60	406	492	498	300	372	560	60	150	0	508	0	30	270	480	90	680.5	335	187	305	180	180	0	419	240	0	0	538
3.78265550319582	470	1659.335	472	1355	230	80	430	1290	328	650	1406.5	1408.665	826	2562.245	120	30	607.25	910	739.5	137	30	523	230	600	1857	290	30	706	1267.335	1542	345
2.10559893461402	210	60	176	80	150	365	3255	210	434	1022	0	580	571.165	3381.165	90	0	876	115	1194.165	235	360	371	325	240	236	60	150	0	120	0	319
3.06485480330161	536	400	420	170	235	340	2638	780	385	808	300	439	165	766	0	30	900	120	325	265	110	410	265	180	660	259	276	474	300	50	462
6.84185636626474	360	6817.5	530	6980.165	916.165	110	220	6499.17	589	550	4789.665	1674.665	1319.5	8247.665	772.585	1741.75	1338	3418	1227	916.665	55	935.25	424	830	3778.5	1466.495	115	5031.5	2836.665	7932.335	320
7.31055015853442	180	1740	120	2396.835	912	383.33	170	1253	365	698	1067.335	1763.25	1459.08	7836.42	1462.5	500	792	1710.5	1386	443	25	499	265	830	1323	481	30	2066	2855.5	1766	205
3.56540446875306	360	170	360	60	60	125	1092	180	371	1155	110	198	265	838	30	0	1394	206	225	254	748.5	90	180	120	480	0	654.165	60	180	0	293
5.70425069835571	660	470	240	1136	1413	250	230	540	522	2046.5	894	755.5	403	467	653	150	766	460	815	60	30	778	436	652	2284.5	1043	90	960	576	1362	631
3.01094595635937	0	30	60	30	60	157	440	30	90	600	30	145	30	363	30	90	445	55	85	258	701.25	285.25	265	30	205	0	285	60	0	30	115
4.14117805144629	360	396	180	110	320	389	1140	478	465	764	120	352	210	587.665	0	60	290	396	210	281	165	424	205	300	600	90	0	536	530	110	467
5.00382213716301	428	0	300	110	536	190	270	360	113	640	240	202	120	411	90	90	120	170	115	235	55	304	201	420	490	140	90	566	540	0	285
5.51149138682476	540	6721	530	7418.665	1029	220	110	3242.335	574	1096	5036.5	6497.245	4175.665	17636.675	1734.75	633.25	985	5856.5	3549.25	180	0	908	379.665	1170	1950	2301	295	4477.335	2042.5	7901.835	140
3.7026862008137	540	360	360	220	667.25	619	550	780	594	1086	280	505	231	353	150	90	731	938	425	231	110	425	410	658	774	106	55	1330	828	996	517
5.51853062875559	413.25	1191	204	255	631	787	1044	978	425	640	935	854	205	632.5	210	120	756	428	375	170	50	844	638	240	995	180	253	1187	780.5	1263	528
4.22128333369667	360	220	240	0	210	229	2308	0	366	580	120	522.25	150	764	60	30	1349.5	180	320	458	136	478	120	0	660.5	120	285	360	120	300	540.25
5.30931417935088	240	170	120	0	90	284	1246	228	246	1575.335	120	382	217	1026	0	30	1821.5	40	503	288	1317.75	319	445	300	360	581	504	280	60	60	328
4.65069454703251	240	220	0	220	605	365	460	832	647	570	300	324	295	286	198	30	496	600	427.665	235	25	856.665	390	120	1230	258	175	656	290	790	294
3.13250933080596	300	1297	370	180	195	726	2212.5	790	480	618	760	1185	185	473	268	0	1234.25	480	608.165	335	110	1452	795	180	1284	407	350	540	660	690	477
3.90758215945187	0	60	30	60	319	55	180	30	145	1004	170	150	110	80	120	60	60	140	140	120	0	265	170	52	237	90	30	90	30	60	150
4.83024986180305	540	1080	420	494	261	480	1622	240	619	886	1312	1367.5	547	1411.165	237	60	634	548	781	300	85	559	145	700	1722.5	421	30	942	700	680	210
5.49671115363875	360	3342	360	2733.335	1168.75	294	628	3207.5	480	1312	1964.17	2621	1687.25	5608	534	210	270	1610	1694.5	403	351.665	744	258	712	1870.5	430	120	2866	2342	3252.335	290
3.70126617100243	120	758	180	170	542	260	390	480	457	794	120	1101	498	1840.83	675	180	600	340	1112.33	120	50	947	437	210	1120	1659	175	1002	804	450	365
4.97080100607774	180	110	60	270	559	205	50	300	270	1150	342	408	397	378	733.33	270	611	240	325	135	85	393	120	350	1457.335	691.5	180	180	480	360	145
6.97966655444912	240	1622	180	1736	1529.25	317	120	926	340	2207	1594	3173	1076.5	3533.335	1133.165	180	650.5	1202	1640.25	145	60	763	376	768	2500	2705.5	146.665	2653	1454	1901	295
5.27144450393895	207	225	120	0	224	194	3306.5	150	293	1096	120	656	512	1256.5	60	60	1457	175	596	235	160	692	380	60	445	140	156	90	150	60	387
8.13381486464296	530	1372	644	4031.835	1409.75	85	210	410	918	590	1438	12716.335	2698.5	2772	2410.585	7204.66	11280	1538	4314.5	30	140	665	528	1698	2418	23189.83	200	1430	1544	2232.335	255
2.8593195911407	180	300	60	180	210	170	1020	660	373	290	170	88	60	204	90	30	373.335	120	150	319	155	263	352	300	360	60	60	352	650	170	290
7.32343141003294	822	1643	824	2465.335	345.5	532	728	830	325	1306	1168	724.33	1018	5083	150	177	573	1074	646	205	224	464.165	269	600	1050	90	60	1355	944	904	425
5.2760500293483	300	120	1058	170	30	557	3308	180	458	1643	300	406	115	1052	120	30	1000	470	230	411	317	440	190	300	590	231	200	60	60	0	434
10.2565886177715	300	5450.335	754	7325.335	867.5	170	342	2753.5	686	1684.335	3476.335	7372.415	5003.58	30577.165	2521	1722.5	2415.25	4804.5	4432.83	296	80	707	703	878	2062.5	7750.835	307	2504	1872	3618	265
4.33636220530161	232	290	120	562	1175.75	217	220	180	526	4465	620	1315.5	812	250	2036	498.665	620	180	2071.165	200	30	175	460	510	1670	3135.75	90	872	240	1328	446
6.71298110923684	300	982	472	2613.5	708	209	280	1733.5	175	634	1290	1379.665	941	12257.505	979.5	419	642	1979.835	1014	115	75	382	260	1116	1154	704.5	230	1982	2772	2152.5	90
2.12375324009432	356	60	360	240	603	475	550	592	316	1146	120	299	267	383	90	150	270	180	235	385	135	335	265	540	720	30	120	60	1010	110	470
4.55399056934951	600	180	360	60	322	660	1616	300	338	1078	170	198	150	498	60	30	694	290	231	548	135	547	447	240	420	235	270	360	60	60	422.165
5.58423475786556	180	908	360	1022	1592.5	165	50	414	691.165	1197	1036	6862.415	2298.415	1213.75	2731.415	905	1237	400	3908.915	140	30	776	295	1332	1651.5	13800.415	345.5	768	600	1598	143
3.24650655598239	480	530	360	234	90	455.665	2054	720	320	1891	60	315	145	391	60	0	571	430	175	698	254	435	205	180	658	170	317.5	410	344	270	725
7.11888130827504	300	1040	180	280	550	215	300	360	205	360	1030	692	260	295	207	0	210	220	291	150	55	436	375	540	1803.335	614	55	956	646	1582	255
4.70683196976284	710	60	300	180	260	420	870	420	434	780	240	418	233	350	90	30	599.75	290	218.5	431	190	423	120	60	540	150	30	60	360	60	434
3.75440147583122	180	290	60	100	150	300	674	370	375	690	470	265	145	365	30	120	205	300	260	205	50	350	180	120	960	115	80	240	120	330	285
10.7352590721241	1646	6637.005	1632	9407.165	1107.5	205	330	3232	827.5	1534	4028	4483	2890.75	36423.585	1176.915	4823.33	9513	7511	2742.415	350	90	1016	354	1862	1974	3646	115	1907	1750	4741	115
7.83381216633438	660	2137	300	1662	1274	524	932	1780	491	1274.5	1566	3181.75	1191.5	2899.165	1685.665	728.25	1412	694	1859.25	440	80	1085.75	592	652	1570	1676.165	240	1210	1967.335	2108	494
5.14830594980575	420	332	350	170	235	220	2472	240	385	470	165	171	90	636	90	60	459	410	265	317	315	513	205	180	120	30	30	180	240	0	265
3.33306681685334	286	120	240	60	221	491	1002	480	405	640	0	80	60	195	30	0	350	350	168	558	110	559.5	210	420	480	30	90	240	240	60	230
5.68073217939082	720	3902.165	1215	7630.33	1293	387	885	2501	681	896	2349	1875.665	3642.75	16783.17	1261.5	377	1039	3868	2390	235	80	598.165	430	1224	1140	442	254	3488.5	3736	1334	315
4.38341754191377	420	1056	500	498	270	340	2174	716	534	710	864	737	717.75	1309	120	60	678	360	679	249	80	707.665	286	760	997	145	60	1704	1446.5	780	405
4.57133621823546	300	60	60	0	265	500	796	172	525	590	60	90	115	280	30	60	301	230	150	717.75	567	145	410	420	420	180	210	120	0	0	221
3.19508095918246	480	750	120	290	270	415	710	660	350	908	810	234	225	345	120	60	928	410	250	205	75	519	320	240	592	350	85	346	234	674	206
6.85118863119059	420	3825.835	758	1203	1116	225	270	2995	658.25	626	2734	3291.165	1789.665	5103.84	569	150	514	1276	2229	25	134	434	300	716	1144	1893.5	150	2048	1650.5	3666	320
8.90301190002402	767.335	5939.505	1764	9072.835	1375.665	104	560	4381.5	622.5	909	4620.835	4571.335	2353.915	23642.09	928	3106.665	4635.75	5284.835	2976.25	283	50	615	330	1674	2127.835	821	60	2828	2430	6959.335	222
5.00885437586905	240	180	120	0	270	140	140	240	105	240	60	60	25	175	90	30	145	240	60	421	204	235	120	240	420	60	60	0	120	0	150
3.77964637438119	420	920	120	60	25	250	1662	480	728	1192	440	732.25	115	411.5	60	0	1244.665	390	342	270	140	762.335	350	240	540	349	165	240	120	470	422.5
3.20253503848015	530	180	360	60	259	160	2127	240	320	470	110	85	199	575	0	30	593	170	130	637	556	413	170	180	350	45	120	348	360	0	120
3.68277586505345	60	330	296	120	30	330	1144	240	260	820	300	383	280	468	150	30	854.5	170	110	85	30	398	142	60	347	289	80	240	180	230	498
3.57731920420289	60	60	120	216	180	215	1228	420	262	942	110	30	25	206	0	60	345	180	55	198	135	431	204	240	350	30	114.165	120	180	60	140
3.23999131547228	120	180	60	180	415	768	952	166	554	660	0	390	295	404.665	60	0	604	120	355	90	50	845	342	240	710	290	150	300	300	60	254
5.03656648892037	294	0	60	0	150	298	1706	60	319	830	60	234	136	240	60	0	872	90	175	295	160	530	300	120	180	55	220	60	30	25	300
3.9926587679791	150	180	90	195	270	195	1280	180	501	660	60	449.75	115	767.5	60	90	270	230	443	738	190	125	381	60	210	240	165	265	234	60	436
4.49487026932712	60	0	0	0	360	115	240	30	170	280	60	0	0	135	0	60	65	138	120	150	215	175	235	30	95	0	110	60	30	0	205
5.35008642274299	360	0	180	120	150	308	1148	240	496	470	60	30	175	225	90	0	356	420	230	320	165	348	320	240	408	90	90	180	180	0	295
